201
202
202
209
209
211
211
211
211
216
216
216
216
216
218
302
312
312
312
313
313
313
313
313
314
314
316
316
316
316
316
316
317
317
317
317
317
317
317
317
317
317
357
357
357
357
357
357
357
357
357
357
357
400
409
409
411
412
412
413
417
417
417
417
417
417
417
417
417
417
417
417
423
423
423
423
432
432
432
433
466
505
505
506
506
509
509
509
509
509
509
509
509
509
509
509
515
515
515
515
515
515
515
515
516
516
516
516
516
523
527
537
537
537
537
551
552
552
552
552
552
552
555
565
571
575
582
583
591
593
600
603
603
609
660
660
660
660
660
660
660
672
690
700
701
710
714
719
801
810
813
819
823
823
824
825
839
990
993
995
712
713
714
717
732
742
357
357
357
357
357
357
357
357
357
357
357
423
423
423
423
427
480
500
500
506
509
510
520
520
520
520
523
524
525
526
527
529
535
544
544
544
551
552
560
571
572
581
583
586
586
595
596
600
601
602
610
612
613
701
990
993
995
252
291
310
344
382
401
414
414
416
422
425
429
434
444
445
446
446
450
466
466
475
475
480
503
503
481
482
486
488
572
577
579
990
995
502
515
521B
522
522
522
524
529
532
533
539
539
551
609B
609B
616
617
623A
625
625
625
625
625
625
625
625
625
625A
625B
625C
625I
631
632
632
633
636
636
640
640
640
641
641
643
643
644
644
644
660
676A
676B
711
725
725
725
725
725
725
725
725
725
725
725
725A
725B
725C
725I
727
732
741
753
755A
755A
756
757
776C
801
807A
820
825
825
825A
825B
825C
825I
825I
840
851
853
855
857
998
610
613
613
614
630
684
685
695
651
652
653
654
655
658
660
661
670
672
676
678
773
774
779
852
853
855
855
856
857
859
990
995
660
662
603
606
625
811
812
851
990
995
601
611
621
631
692
693
694
696
698
699
701
711
721
731
741
801
811
821
831
841
861
700
753
755
755
755
756
757
759
760
761
763
764
765
766
768
770
772
773
775
777
778
779
781
591
592
592
594
598
599
780
782
786
787
788
789
790
793
794
583
634
638
643
645
646
650
739
800
876
879
570
575
619
656
680
690
695
719
741
742
743
746
747
880
883
800
421
431
118
200
206
211
212
212
212
240
250
301
302
303
304
307
307
307
307
307
307
307
307
307
307
307
307
307
307
307
307
307
307
307
307
307
307
307
307
307
307
307
307
307
307
307
307
307
307
307
307
310
317
320
330
332
333
360
390
390
391
391
392
392
392
401
401
402
402
402
402
402
402
403
410
411
412
413
414
414
415
416
416
419
420
421
422
423
427
427
431
432
433
440
441
443
444
444
444
446
450
461
462
463
471
480
490
490
490
503
504
504
510
518
524
528
540
541
547
547
547
547
553
554
561
561
570
570
570
571
571
571
580
591
593
593
593
601
602
605
616
621
622
628
638
638
640
645
649
649
650
650
650
650
650
650
650
650
650
650
650
650
650
650
650
650
650
650
650
650
650
650
650
650
650
650
650
650
650
650
655
657
659
662
695
707
708
709
712
716
717
717
717
717
717
728
737
737
737
737
737
737
737
750
760
761
766
767
768
769
770
771
771
771
775
777
789
792
792
793
793
793
794
798
799
799
835
863
869
870
873
898
898
899
990
991
992
995
200
200
201
205
205
205
205
205
205
205
205
205
215
225
290
290
290
290
290
290
290
290
290
290
290
290
290
290
290
290
290
290
290
290
290
290
290
290
290
290
290
290
290
305
305
305
305
305
305
305
305
305
315
325
335
343
350
390
390
390
390
390
390
390
390
390
390
390
390
390
390
390
390
390
390
390
390
390
390
390
390
390
390
390
390
390
390
390
390
390
405
405
405
405
405
405
405
470
481
490
490
490
490
490
490
490
490
490
490
490
490
490
490
490
490
490
490
490
490
490
490
490
490
490
490
490
490
490
490
490
490
490
495
495
495
495
495
510
513
516
520
523
526
536
540
544
550
550
567
574
581
582
584
585
590
590
590
590
590
590
590
590
590
590
590
590
590
590
590
590
590
590
590
590
590
590
590
590
590
590
590
590
590
590
590
590
590
590
590
597
740
990
990
990
990
990
990
990
990
990
990
990
990
990
990
990
990
990
990
990
990
990
990
990
990
990
990
990
990
990
990
990
995
995
995
995
995
995
995
995
995
995
995
995
995
995
995
995
995
995
995
995
995
995
995
995
995
995
995
995
995
995
995
995
211
211
211
211
221
221
221
221
231
231
231
231
241
241
241
241
331
350
410
417
418
419
424
450
450
451
451
456
458
458
458
458
458
474
474
474
474
484
484
490
490
490
490
490
490
490
490
490
490
490
490
490
490
490
490
490
490
490
490
490
490
490
490
490
490
490
490
490
490
490
490
490
490
490
490
490
490
490
490
490
490
490
490
490
490
490
490
490
490
490
490
490
490
490
490
490
490
490
490
490
490
490
490
490
490
490
490
490
490
490
490
490
490
490
490
490
490
490
490
490
490
490
490
490
490
490
490
490
499
499
499
500
516
519
523
550
590
590
590
590
590
590
590
590
590
590
590
590
590
590
590
590
590
590
590
590
590
590
590
590
590
590
590
590
590
590
590
590
590
590
590
590
590
590
590
590
590
590
590
590
590
590
590
590
590
590
590
590
590
590
590
590
590
590
590
590
590
590
590
590
590
590
590
590
590
590
590
590
590
590
590
590
590
590
590
590
590
590
590
590
590
590
590
590
590
590
590
590
590
590
590
590
590
590
590
590
590
590
590
590
590
590
590
590
590
590
590
590
590
590
590
590
590
590
590
590
590
590
590
590
590
590
590
590
590
590
590
590
590
590
590
590
590
590
590
590
590
590
590
590
590
590
590
590
590
590
590
590
590
590
590
590
590
590
590
590
590
590
590
590
590
591
591
591
591
591
591
591
591
591
599
599
646
990
990
990
990
990
990
990
990
990
990
990
990
990
990
990
990
990
990
990
990
990
990
990
990
990
990
990
990
990
990
990
990
990
990
990
990
990
990
990
990
990
990
990
990
990
990
990
990
990
990
990
990
990
990
990
990
990
990
990
990
990
990
990
990
990
990
990
990
990
990
990
990
990
990
990
990
990
990
990
990
990
990
990
990
990
990
990
990
990
990
990
990
990
990
990
990
990
990
990
990
990
990
990
990
990
990
990
990
990
990
990
990
990
990
990
990
990
990
990
990
990
990
990
990
990
990
990
990
990
990
990
990
990
990
990
990
990
990
990
990
990
990
990
995
995
995
995
995
995
995
995
995
995
995
995
995
995
995
995
995
995
995
995
995
995
995
995
995
995
995
995
995
995
995
995
995
995
995
995
995
995
995
995
995
995
995
995
995
995
995
995
995
995
995
995
995
995
995
995
995
995
995
995
995
995
995
995
995
995
995
995
995
995
995
995
995
995
995
995
995
995
995
995
995
995
995
995
995
995
995
995
995
995
995
995
995
995
995
995
995
995
995
995
995
995
995
995
995
995
995
995
995
995
995
995
995
995
995
995
995
995
995
995
995
995
995
995
995
995
995
995
995
995
995
995
995
995
995
995
995
995
995
995
102
105
320
324
380
381
401
405
410
421
440
473
499
499
499
499
499
499
499
499
499
499
499
499
499
499
499
499
499
499
499
499
499
499
499
499
499
499
499
499
499
499
499
499
499
499
499
501
501
524
530
551
591
591
690
690
701
701
701
701
701
701
701
701
701
701
701
701
701
701
701
701
701
701
701
701
701
701
701
701
701
701
701
701
701
701
747
749
990
990
990
990
990
990
990
990
990
990
990
990
990
990
990
990
990
990
990
990
990
990
990
990
990
990
990
990
990
990
990
990
990
990
990
990
995
995
995
995
995
995
995
995
995
995
995
995
995
995
995
995
995
995
995
995
995
995
995
995
995
995
995
995
995
995
995
995
995
995
995
995
995
995
101
103
310
320
324
370
380
381
405
478
499
499
499
499
501
501
551
574
581
582
590
590
590
590
590
590
590
597
747
749
230
230
230
230
230
290
290
290
290
290
290
290
290
290
290
290
290
290
290
290
290
290
290
290
290
290
290
290
290
290
290
290
290
290
290
290
290
290
290
290
290
290
290
342
342
342
342
342
343
343
343
343
343
360
360
360
360
412
460
460
460
460
460
466
487
487
488
490
490
490
490
490
490
490
490
490
490
490
490
490
490
490
490
490
490
490
490
490
490
490
490
490
490
490
490
490
490
490
490
490
490
490
490
490
490
497
505
527
538
554
590
595
601
695
695
695
695
695
695
695
695
695
695
695
695
695
695
695
695
695
695
695
695
695
695
695
695
695
695
695
695
695
695
695
695
695
695
695
695
695
695
698
698
698
698
698
698
698
698
698
698
698
698
698
698
698
698
698
698
698
698
698
698
698
698
698
698
698
698
698
698
698
698
698
698
698
698
698
990
990
990
990
990
990
990
990
990
990
990
990
990
990
990
990
990
990
990
990
990
990
990
990
990
990
990
990
990
990
990
990
990
990
990
990
990
990
995
995
995
995
995
995
995
995
995
995
995
995
995
995
995
995
995
995
995
995
995
995
995
995
995
995
995
995
995
995
995
995
995
995
995
995
995
995
200
211
212
230
265
312
312
312
325
325
325
345
345
345
351
351
351
365
365
373
412
413
413
421
421
421
428
428
435
480
482
490
490
490
490
490
490
490
490
490
490
501
501
501
501
504
510
511
514
521
531
536
538
540
545
547
551
553
557
567
567
571
571
572
582
582
582
582
582
588
591
624
624
630
830
910
910
921
930
946
955
955
955
955
955
970
970
970
980
990
990
990
990
990
990
990
995
995
995
995
995
995
995
995
995
995
995
995
995
101
101
501
501
502
535
550
550
550
550
550
550
550
590
590
590
590
590
590
590
590
590
590
590
590
590
590
590
590
590
590
590
590
590
590
590
590
590
590
590
590
590
590
590
590
590
590
590
590
590
590
590
590
590
646
690
690
990
990
990
990
990
990
990
990
990
990
990
990
990
990
990
990
990
990
990
990
990
990
995
995
995
995
995
995
995
995
995
995
995
995
995
995
995
995
995
501
503
503
503
503
590
590
590
590
590
590
790
990
990
990
990
990
990
990
990
990
990
990
990
990
990
990
990
990
990
990
990
990
990
990
990
990
990
990
990
990
990
990
990
990
995
995
995
995
995
995
995
995
995
995
995
995
995
995
995
995
995
995
390
390
390
390
390
390
390
490
490
490
490
490
490
490
598
601
690
690
690
690
690
690
690
990
990
990
990
990
990
990
995
995
995
995
995
995
995
105
211
211
211
428
428
524
531
183
183
183
183
183
183
183
183
183
183
183
183
183
183
183
183
183
183
183
183
183
183
183
183
183
183
183
183
183
183
183
183
183
183
183
183
198
200
200
200
200
200
201
203
203
203
203
203
203
203
203
203
203
203
203
203
203
203
203
203
203
203
203
203
203
203
203
203
203
203
203
203
203
215
215
215
215
215
215
215
215
215
215
215
215
215
215
215
215
215
215
215
216
216
216
216
216
216
216
216
216
216
216
216
230
230
230
230
230
230
230
270
270
270
270
270
270
270
270
270
270
280
280
280
280
280
280
280
280
280
280
280
280
280
280
280
280
280
280
280
280
280
280
280
280
280
280
280
280
280
280
280
280
280
280
280
280
280
281
281
281
281
281
281
281
281
281
281
281
281
281
281
281
281
281
281
281
281
281
281
281
281
281
281
281
281
281
281
281
281
281
281
281
285
300
300
300
301
301
301
311
311
311
312
312
314
314
314
314
314
314
314
314
314
314
314
314
314
314
320
320
320
330
330
330
334
334
351
351
370
370
370
370
370
370
370
370
370
370
370
370
370
370
370
370
370
370
370
370
370
370
373
373
373
373
376
376
376
376
376
376
376
376
376
376
376
376
376
376
376
376
376
376
376
376
388
388
388
388
388
388
399
399
399
399
399
399
399
399
399
399
399
399
399
399
399
399
399
399
399
399
399
399
399
399
399
399
399
399
399
399
399
399
399
399
399
399
399
399
399
399
399
399
399
399
399
399
399
399
399
399
399
399
399
399
399
399
399
399
399
399
399
399
399
399
399
399
399
399
399
399
399
399
399
399
399
399
399
399
399
399
399
399
399
399
399
399
399
399
399
399
399
399
399
399
399
399
399
399
399
399
399
399
399
399
399
399
399
399
399
399
399
399
399
399
399
399
399
399
399
399
399
399
399
399
399
399
399
399
399
399
399
399
399
399
399
399
399
399
399
399
399
399
399
399
399
399
399
399
399
399
399
399
399
399
399
399
399
399
399
399
399
399
399
399
399
399
399
399
399
399
399
399
399
399
402
402
402
409
411
411
411
411
411
413
413
413
414
414
414
417
421
421
423
423
423
423
427
427
428
434
434
434
435
438
438
438
438
441
441
441
441
441
441
441
441
442
442
442
442
443
443
443
443
443
443
443
443
443
443
443
443
443
443
443
445
445
445
445
445
445
445
445
445
445
452
452
452
455
455
458
458
458
458
458
460
460
461
461
461
461
461
461
461
461
461
463
467
467
467
470
470
470
473
473
473
473
477
477
477
478
478
481
481
481
481
481
482
482
482
482
482
482
482
482
482
482
482
483
483
484
484
484
484
484
484
484
484
485
485
485
485
485
485
485
485
485
485
485
485
485
485
485
485
485
489
489
489
489
490
490
490
491
491
491
492
492
492
492
492
493
493
493
493
493
493
493
493
493
493
493
494
495
495
496
497
497
498
498
498
498
498
498
498
498
498
498
498
498
498
498
498
498
499
499
499
499
499
499
499
499
499
499
499
499
499
499
499
499
499
499
499
499
499
499
499
499
499
499
499
499
499
499
499
499
499
499
499
499
499
499
499
499
499
499
499
499
499
499
499
499
499
499
499
499
499
499
499
499
499
499
499
499
499
499
499
499
499
499
499
499
499
499
499
499
499
499
499
499
499
499
499
499
499
499
499
499
499
499
499
499
499
499
499
499
499
499
499
499
499
499
499
499
499
499
499
499
499
499
499
499
499
499
499
499
499
499
499
499
499
499
499
499
499
499
499
499
499
499
499
499
499
499
499
499
499
499
499
499
499
499
499
499
499
499
499
499
499
499
499
499
499
499
499
499
499
499
499
499
499
499
499
499
499
499
499
499
499
499
499
499
499
499
499
499
499
499
499
499
499
499
499
499
499
499
499
499
499
499
499
499
499
499
501
501
501
504
505
505
505
505
505
505
505
507
515
516
517
520
520
523
529
530
537
538
540
542
545
545
548
548
548
548
548
548
548
548
548
548
549
549
549
549
549
549
550
551
551
551
552
554
558
560
560
571
571
573
574
574
575
575
582
582
583
587
587
587
588
591
592
592
595
595
598
598
598
598
598
598
598
598
598
599
599
599
599
599
599
599
599
599
599
599
599
599
599
599
599
599
599
599
599
599
599
599
599
599
599
599
599
599
599
599
599
599
599
599
599
599
599
599
599
599
599
599
599
599
599
599
599
599
599
599
599
599
599
599
599
599
599
599
599
599
599
599
599
599
599
599
599
599
599
599
599
599
599
599
599
599
599
599
599
599
599
599
599
599
599
599
599
599
599
599
599
599
599
599
599
599
599
599
599
599
599
599
599
599
599
599
599
599
599
599
599
599
599
599
599
599
599
599
599
599
599
599
599
599
599
599
599
599
599
599
599
599
599
599
599
599
599
599
599
599
599
599
599
599
599
599
599
599
599
599
599
599
599
599
599
599
599
599
599
599
599
599
599
599
599
599
599
599
599
599
599
599
599
599
599
599
599
599
599
599
599
599
599
599
599
599
599
644
698
698
698
698
698
698
698
698
698
698
698
698
698
698
698
698
698
698
698
698
698
698
698
698
698
698
699
699
699
699
699
699
699
699
699
699
699
699
699
699
699
699
699
699
699
699
699
699
699
699
699
699
699
699
699
699
699
699
699
699
699
699
699
699
699
699
699
699
699
699
699
699
699
699
699
699
699
699
699
699
699
699
699
699
699
699
699
699
699
699
699
699
699
699
699
699
699
699
699
699
699
699
699
699
699
699
699
699
699
699
699
699
699
699
699
699
699
699
699
699
699
699
699
699
699
699
699
699
699
699
699
699
699
699
699
699
699
699
699
699
699
699
699
699
699
699
699
699
699
699
699
699
699
699
699
699
699
699
699
699
699
699
699
699
699
699
699
699
699
699
699
699
699
699
699
699
699
699
699
699
699
699
699
699
699
699
699
699
699
699
699
699
699
699
699
699
699
699
699
699
699
699
699
699
699
699
699
699
990
990
990
990
990
990
990
990
990
990
990
990
990
990
990
990
990
990
990
990
990
990
990
990
990
990
990
990
990
990
990
990
990
990
990
990
990
990
990
990
990
990
990
990
990
990
990
990
990
990
990
990
990
990
990
990
990
990
990
990
990
990
990
990
990
990
990
990
990
990
990
990
990
990
990
990
990
990
990
990
990
990
990
990
990
990
990
990
990
990
990
990
990
990
990
990
990
990
990
990
990
990
990
990
990
990
990
990
990
990
990
990
990
990
990
990
990
990
990
990
990
990
990
990
990
990
990
990
990
990
990
990
990
990
990
990
990
990
990
990
990
990
990
990
990
990
990
990
990
990
990
990
990
990
990
990
990
990
990
990
990
990
990
990
990
990
990
990
990
990
990
990
990
990
990
990
990
990
990
990
990
990
990
995
995
995
995
995
995
995
995
995
995
995
995
995
995
995
995
995
995
995
995
995
995
995
995
995
995
995
995
995
995
995
995
995
995
995
995
995
995
995
995
995
995
995
995
995
995
995
995
995
995
995
995
995
995
995
995
995
995
995
995
995
995
995
995
995
995
995
995
995
995
995
995
995
995
995
995
995
995
995
995
995
995
995
995
995
995
995
995
995
995
995
995
995
995
995
995
995
995
995
995
995
995
995
995
995
995
995
995
995
995
995
995
995
995
995
995
995
995
995
995
995
995
995
995
995
995
995
995
995
995
995
995
995
995
995
995
995
995
995
995
995
995
995
995
995
995
995
995
995
995
995
995
995
995
995
995
995
995
995
995
995
995
995
995
995
995
995
995
995
995
995
995
995
995
995
995
995
995
995
995
995
995
995
995
995
995
995
995
995
995
995
995
995
995
995
100
100
100
100
100
100
100
100
100
100
100
100
100
100
100
100
100
100
100
100
100
100
100
100
100
100
100
100
100
100
100
100
100
100
100
100
100
100
100
100
100
100
100
100
100
100
100
100
100
100
100
100
100
100
100
100
100
101
101
101
101
101
101
101
101
101
101
101
101
101
101
101
101
101
101
101
101
101
101
101
101
101
101
101
101
101
101
101
110
110
110
110
110
110
110
110
110
110
110
110
110
110
110
110
110
110
110
110
110
110
110
110
110
110
110
110
110
110
110
110
110
110
110
110
110
110
110
151
151
151
151
151
151
151
151
151
151
196
196
230
255
255
255
255
255
255
255
255
255
255
255
255
255
255
255
255
255
255
255
255
255
255
255
255
255
255
255
255
255
255
255
255
255
255
255
255
255
255
255
255
255
255
255
255
255
255
255
255
255
255
255
255
255
255
255
255
255
255
255
255
255
255
255
255
255
255
255
255
255
255
255
255
255
256
256
256
256
256
260
301
330
354
355
355
355
355
355
355
355
355
355
355
355
355
355
355
355
355
355
355
355
355
355
355
355
355
355
355
355
355
355
355
355
355
355
355
355
355
355
355
355
355
355
355
355
355
355
355
355
355
355
355
355
355
355
355
355
355
355
355
355
355
355
355
355
355
355
355
355
355
355
355
355
355
355
371
400
430
450
455
455
455
455
455
455
455
455
455
455
455
455
455
455
455
455
455
455
455
455
455
455
455
455
455
455
455
455
455
455
455
455
455
455
455
455
455
455
455
455
455
455
455
455
455
455
455
455
455
455
455
455
455
455
455
455
455
455
455
455
455
455
455
455
455
455
455
455
455
455
455
455
455
455
456
480
480
480
480
490
490
523
570
570
580
590
590
590
590
599
599
599
599
599
599
599
599
599
599
599
599
599
599
599
599
599
599
599
599
599
599
599
599
599
599
599
599
599
599
599
599
599
599
599
599
599
599
599
599
599
600
600
600
600
600
600
600
600
600
600
600
600
600
600
600
600
600
600
600
600
600
600
600
600
600
600
600
996
998
390
390
390
390
407
408
410
411
411
411
411
413
417
490
490
490
490
500
500
520
530
550
550
560
560
599
599
599
599
599
599
599
599
599
599
150
201
201
202
202
265
310
316
333
334
334
334
334
334
334
334
334
366
373
373
373
373
373
373
373
410
413
416
421
424
425
440
447
452
461
461
463
466
474
474
474
474
474
474
474
481
490
490
490
490
490
490
490
490
490
490
490
490
490
490
490
490
490
490
490
490
491
491
491
510
512
515
533
536
541
543
548
552
565
574
590
590
590
590
590
590
590
590
590
590
590
590
590
590
590
590
590
590
590
590
590
590
590
590
590
590
590
590
590
590
590
590
590
590
590
590
590
590
590
590
590
590
591
591
593
593
610
611
623
800
801
801
801
801
801
801
801
801
801
801
801
801
801
801
801
801
801
801
801
801
801
801
801
801
801
801
801
801
801
801
801
801
813
899
990
990
990
990
990
990
990
990
990
990
990
990
990
990
990
990
990
990
990
990
990
990
990
990
990
990
990
990
990
990
990
990
990
990
990
990
990
990
990
990
990
990
990
995
995
995
995
995
995
995
995
995
995
995
995
995
995
995
995
995
995
995
995
995
995
995
995
995
995
995
995
995
995
995
995
995
995
995
995
995
995
995
995
995
995
995
501
501
503
503
503
503
503
503
503
503
503
503
503
503
503
503
503
503
503
503
503
503
503
503
503
503
503
503
503
503
503
503
503
503
503
503
503
503
503
503
503
503
503
503
503
514
514
533
566
566
590
590
590
599
599
503
503
503
503
503
503
503
503
503
503
503
503
503
503
503
503
503
503
503
503
503
503
503
503
503
503
503
503
503
503
503
503
503
503
503
503
503
503
503
503
503
503
503
503
503
503
505
532
532
567
567
599
590
590
503
503
503
503
503
503
503
503
503
503
503
503
503
514
514
520
520
521
521
528
532
532
590
590
590
590
599
599
599
599
599
599
599
599
599
599
503
503
503
503
503
503
503
503
503
503
503
503
503
503
503
503
503
503
503
503
503
410
410
426
440
447
452
452
455
461
463
466
470
470
489
501
503
503
503
503
503
503
503
503
503
503
503
503
503
503
503
503
503
503
503
503
503
503
503
503
503
503
503
503
503
503
503
504
504
504
504
515
515
535
536
543
552
552
552
553
556
561
562
563
585
590
590
605
605
605
990
990
990
990
990
990
990
990
990
990
990
990
990
990
995
995
995
995
995
995
995
995
220
220
220
220
220
220
220
220
220
220
220
250
250
250
250
250
280
280
280
280
280
280
280
280
280
280
330
330
350
350
360
360
360
360
400
410
412
420
454
454
470
481
490
490
490
490
490
490
490
490
490
490
490
490
490
490
490
490
490
490
490
490
490
490
490
490
490
490
490
490
490
490
490
490
490
490
490
490
490
490
490
490
490
490
490
490
490
510
515
517
532
550
554
555
560
562
562
593
593
690
690
690
690
690
690
690
690
690
690
690
690
690
690
690
690
690
690
690
690
690
690
690
690
690
690
690
690
690
690
690
690
690
690
690
690
690
690
690
690
690
690
690
690
690
690
690
690
690
690
690
890
990
990
990
990
990
990
990
990
990
990
990
990
990
990
990
990
990
990
990
990
990
990
990
990
990
990
990
990
990
990
990
990
990
990
990
990
990
990
990
990
990
990
990
990
990
990
990
990
990
990
990
990
990
995
995
995
995
995
995
995
995
995
995
995
995
995
995
995
995
995
995
995
995
995
995
995
995
995
995
995
995
995
995
995
995
995
995
995
995
995
995
995
995
995
995
995
995
995
995
995
995
995
995
995
995
211
211
211
211
211
211
211
211
211
211
235
235
240
240
250
250
250
250
250
250
250
250
250
250
290
290
290
290
290
290
290
290
290
290
290
290
290
290
290
290
290
290
290
290
290
290
290
290
290
290
290
290
290
290
290
290
290
290
290
290
290
290
290
290
290
290
290
290
290
290
290
290
290
290
290
290
290
290
290
290
290
290
290
305
311
320
320
335
335
350
350
350
350
350
350
350
360
360
382
382
390
390
390
390
390
390
390
390
390
390
390
390
390
390
390
390
390
390
390
390
390
390
390
390
390
390
390
390
390
390
390
390
390
395
395
395
395
395
395
395
395
395
400
424
433
438
450
450
450
450
450
450
450
452
455
456
461
481
489
490
490
490
490
490
490
490
490
490
490
490
490
490
490
490
490
490
490
490
490
490
490
490
490
490
490
490
490
490
490
490
490
490
490
490
490
490
490
490
490
490
490
490
490
490
490
490
490
490
490
490
490
490
490
490
490
490
490
490
490
490
490
490
490
490
490
490
490
490
490
490
490
490
490
490
490
490
490
490
490
490
490
490
490
490
490
490
490
490
490
490
490
490
490
490
490
490
490
490
490
491
491
491
491
491
491
491
491
491
491
491
491
491
491
491
491
491
491
491
491
491
491
491
491
491
491
491
491
491
491
491
491
491
491
491
491
491
491
491
491
491
491
491
491
491
491
491
491
491
491
491
491
491
491
491
491
491
491
491
491
491
491
491
491
491
491
491
491
491
491
491
491
491
491
491
491
491
491
491
491
491
491
491
491
491
491
491
491
495
495
495
495
495
495
495
495
495
495
495
495
499
499
499
501
505
507
520
523
527
535
540
541
552
552
552
553
560
563
564
564
566
569
570
571
576
585
590
590
590
590
590
590
590
590
590
590
590
590
590
590
590
590
590
590
590
590
590
590
590
590
590
590
590
590
590
590
590
590
590
590
590
590
590
590
590
590
590
590
590
590
590
590
590
590
590
590
590
590
590
590
590
590
590
590
590
590
590
590
590
590
590
590
590
590
590
590
590
590
590
590
590
590
590
590
590
590
590
590
590
590
590
590
590
590
590
590
590
590
590
590
590
590
590
590
590
590
590
590
590
590
590
590
599
599
599
599
599
631
645
646
695
695
695
695
695
695
695
695
695
695
695
695
695
695
695
695
695
695
695
695
695
695
695
695
695
695
695
695
695
695
695
695
695
695
695
695
695
695
695
695
695
695
695
695
695
695
695
695
695
695
695
695
695
695
695
695
695
695
695
695
695
695
695
695
695
695
695
695
695
695
695
695
695
695
695
695
695
695
695
695
695
695
695
695
695
695
695
695
695
695
695
990
990
990
990
990
990
990
990
990
990
990
990
990
990
990
990
990
990
990
990
990
990
990
990
990
990
990
990
990
990
990
990
990
990
990
990
990
990
990
990
990
990
990
990
990
990
990
990
990
990
990
990
990
990
990
990
990
990
990
990
990
990
990
990
990
990
990
990
990
990
990
990
990
990
990
990
990
990
990
990
990
990
990
990
990
990
990
990
990
990
990
990
990
990
990
990
990
990
990
995
995
995
995
995
995
995
995
995
995
995
995
995
995
995
995
995
995
995
995
995
995
995
995
995
995
995
995
995
995
995
995
995
995
995
995
995
995
995
995
995
995
995
995
995
995
995
995
995
995
995
995
995
995
995
995
995
995
995
995
995
995
995
995
995
995
995
995
995
995
995
995
995
995
995
995
995
995
995
995
995
995
995
995
995
995
995
995
995
995
995
995
995
995
995
995
995
995
995
995
995
995
102
102
235
270
270
320
320
331
340
340
410
410
431
470
470
490
490
490
490
490
490
490
490
490
492
492
492
492
500
512
514
514
540
540
551
562
565
590
590
590
590
590
590
590
590
590
590
590
590
590
590
590
592
592
592
592
592
592
592
592
592
592
592
592
592
792
990
990
990
990
990
990
990
990
990
990
990
990
990
990
990
990
990
990
990
990
990
990
990
995
995
995
995
995
995
995
995
995
995
995
995
995
995
995
995
995
995
995
995
995
211
211
211
299
299
299
299
299
299
299
299
299
299
299
299
311
320
320
421
441
441
444
462
471
484
484
491
499
499
499
499
499
499
499
499
499
499
499
499
499
499
499
499
499
499
499
499
499
499
499
499
499
499
499
499
499
499
499
499
499
499
499
499
499
499
499
499
499
499
515
515
518
521
531
532
535
535
543
546
555
570
570
571
573
576
577
578
585
588
588
588
588
588
588
588
590
590
590
590
599
599
599
599
599
599
599
599
599
599
599
599
599
599
599
599
599
599
599
599
599
599
599
599
599
599
599
599
599
599
599
599
799
799
799
799
799
799
799
799
799
799
799
799
799
799
799
799
799
799
799
799
799
799
799
799
799
799
799
799
799
799
799
799
799
799
799
799
799
799
799
799
799
799
990
990
990
990
990
990
990
990
990
990
990
990
990
990
990
990
990
990
990
990
990
990
990
990
990
990
990
990
990
990
990
990
990
990
990
990
990
990
990
995
995
995
995
995
995
995
995
995
995
995
995
995
995
995
995
995
995
995
995
995
995
995
995
995
995
995
995
995
995
995
995
995
995
995
995
995
995
300
300
300
300
300
300
300
300
300
300
300
300
300
300
300
300
300
300
300
380
380
380
380
496
496
496
496
496
496
496
496
496
496
497
497
497
497
497
497
497
497
497
497
497
497
497
575
575
575
590
610
675
110
110
110
110
110
110
171
171
171
171
171
171
171
171
171
171
171
171
101
101
101
101
101
101
101
101
101
101
101
101
102
105
110
110
110
110
110
110
112
118
118
118
118
118
118
119
119
120
120
120
120
120
120
120
131
131
131
131
139
139
152
201
201
201
201
201
201
201
201
201
201
204
206
207
207
207
207
229
232
233
233
233
233
236
244
262
270
270
270
270
281
281
281
281
281
302
304
304
304
305
306
308
317
317
317
317
320
321
325
325
325
325
332
332
332
332
332
332
332
333
333
333
333
335
335
335
335
335
360
360
360
360
360
360
360
370
370
370
370
372
372
372
372
372
372
372
372
372
372
395
398
403
403
405
408
413
421
421
422
423
424
424
426
430
430
430
436
436
436
436
457
462
462
462
463
464
465
465
484
499
110
110
110
110
110
110
422
423
430
430
430
436
436
436
436
501
501
501
501
501
501
501
501
501
501
501
501
501
501
501
501
501
501
501
501
501
501
501
501
501
501
501
501
501
501
509
509
509
509
509
509
509
509
509
510
510
510
510
510
512
513
519
523
525
526
527
528
531
531
531
531
531
533
537
538
538
538
538
538
540
542
543
543
553
560
560
560
562
564
567
570
574
574
576
585
586
587
587
591
591
597
598
600
601
639
677
677
677
677
686
688
688
691
691
700
701
701
701
701
701
701
701
701
701
701
701
701
701
701
702
731
731
731
731
731
741
741
787
787
841
841
841
990
995
106
106
106
106
106
106
106
106
106
106
106
110
110
110
110
110
110
110
110
110
110
110
206
206
206
206
206
206
206
300
300
300
300
301
301
301
301
301
310
310
310
310
310
310
310
310
311
315
320
330
330
335
339
339
339
339
339
339
339
364
364
364
370
370
370
370
388
390
407
407
422
422
422
422
422
425
429
429
435
482
482
482
482
482
491
491
501
501
501
501
501
501
501
501
501
501
501
501
504
506
506
506
506
506
506
506
506
506
506
506
506
506
506
506
506
506
506
506
506
506
506
507
507
507
507
507
507
519
520
520
520
520
521
534
536
537
538
539
539
539
539
539
539
539
539
539
539
542
544
544
544
544
544
544
544
544
544
544
547
549
552
559
559
561
561
563
563
564
574
579
580
582
582
582
582
583
588
588
588
588
605
605
605
605
605
608
608
611
612
616
618
618
622
631
632
633
647
648
648
649
649
649
649
649
649
649
649
649
649
650
650
650
650
650
650
657
664
664
664
664
664
664
666
669
670
670
671
671
671
671
671
671
671
671
671
671
672
690
691
691
697
697
697
697
697
697
697
697
697
697
697
697
698
699
699
699
701
701
702
705
710
710
710
721
721
791
791
791
990
995
998
998
998
501
502
503
505
511
515
516
521
522
523
524
532
542
543
591
592
601
611
622
630
631
632
642
643
644
652
655
680
682
685
688
694
695
600
621
632
685
687
699
720
727
740
890
895
899
990
995
100
218
218
218
218
240
241
242
280
290
313
331
331
333
333
402
403
403
403
403
425
437
470
218
218
218
218
300
313
313
313
313
313
313
375
400
402
403
403
410
488
510
511
512
513
514
514
515
516
516
302
302
302
302
302
302
402
413
421
422
424
425
429
429
429
429
429
429
429
429
429
431
438
439
439
439
439
439
439
439
439
439
439
443
448
449
449
449
449
449
449
449
505
513
513
513
513
513
615
615
619
680
682
684
685
685
685
685
685
685
685
685
685
685
685
685
685
685
685
685
685
685
685
685
685
685
686
990
995
110
110
110
110
110
110
219
219
219
219
219
219
230
231
231
231
231
231
231
240
241
250
280
290
313
320
320
320
320
320
320
320
320
320
320
320
330
330
330
330
330
330
330
330
330
330
330
330
330
340
340
340
340
340
340
340
340
340
340
340
340
340
362
362
362
362
380
381
382
384
390
402
403
403
403
403
403
413
421
422
424
425
429
429
429
429
429
429
429
429
429
431
434
438
439
439
439
439
439
439
439
439
439
439
443
448
449
449
449
449
449
449
449
465
466
467
477
488
489
540
255
290
336
336
370
380
390
402
470
490
100
100
100
100
101
101
101
101
101
101
101
101
101
101
101
101
101
101
111
111
111
111
111
111
111
111
203
203
203
203
217
217
217
217
217
217
217
217
217
217
241
246
246
249
249
249
249
249
249
270
280
290
313
313
313
313
313
313
313
317
330
331
332
332
333
333
370
380
390
402
403
403
403
403
403
403
403
431
433
436
437
439
440
444
445
451
454
463
470
490
499
499
499
514
519
550
240
260
260
260
280
290
290
290
334
360
360
360
369
369
369
380
388
100
101
201
100
100
100
100
100
100
100
100
100
100
100
100
100
100
100
205
205
205
206
209
301
302
306
308
308
309
309
334
334
334
334
334
334
334
406
150
150
150
150
150
150
150
150
202
202
218
220
221
251
260
282
282
291
307
312
312
312
312
312
312
312
325
325
325
325
326
326
326
326
332
334
334
334
334
334
334
334
334
334
334
341
341
346
347
347
347
354
356
381
383
383
390
410
423
425
425
425
425
426
426
426
426
270
270
270
270
350
350
154
190
190
191
191
193
193
194
194
194
195
196
204
290
290
291
291
294
294
294
294
294
304
310
314
320
320
321
323
324
324
324
249
254
258
259
320
320
320
320
321
321
202
202
202
202
202
202
202
202
202
202
419
250
250
301
327
327
327
327
327
357
360
360
360
365
390
390
460
461
461
400
408
410
411
430
432
433
434
435
439
448
451
457
464
469
477
479
499
510
510
510
510
510
510
515
518
520
520
520
520
530
530
530
540
560
569
575
580
580
580
580
580
593
593
593
593
593
593
593
593
593
593
593
593
593
593
593
593
593
593
598
598
598
598
598
598
598
598
598
598
598
598
598
598
598
598
598
598
601
602
612
612
622
626
627
630
630
631
632
634
635
635
637
637
641
644
644
646
651
657
657
659
669
674
675
676
677
677
679
681
681
684
685
686
687
691
691
693
693
694
696
699
699
699
701
712
718
719
727
727
729
730
731
734
734
734
734
741
741
741
741
741
743
747
747
749
750
753
756
760
760
770
771
772
793
793
794
795
798
798
799
805
807
831
845
845
849
850
860
875
888
888
891
900
901
906
910
911
920
920
921
921
927
928
930
931
933
934
940
941
942
944
945
945
945
945
945
945
945
946
949
951
952
953
954
955
956
958
959
972
973
976
977
978
979
980
981
990
990
990
990
991
992
993
994
995
997
998
103
103
103
104
104
104
104
104
115
115
125
200
201
202
206
207
215
225
246
250
260
271
290
290
290
290
303
303
303
303
304
309
310
315
322
322
322
322
322
323
331
338
346
354
356
356
356
358
358
358
358
365
366
382
394
408
421
439
453
457
458
458
458
495
498
498
510
515
515
517
525
558
558
600
601
625
634
715
890
102
103
103
103
204
204
204
204
204
204
204
204
205
205
205
205
212
212
212
212
212
212
212
213
213
213
213
214
214
214
214
214
214
214
215
215
215
215
215
215
215
216
217
222
224
225
225
225
225
240
240
240
240
240
240
240
240
240
240
240
240
240
240
240
240
240
240
240
240
240
244
277
277
277
300
301
304
304
304
304
310
311
311
311
311
311
311
311
311
311
311
311
311
313
321
322
328
346
347
348
348
348
348
348
348
355
358
359
366
366
371
373
373
373
373
374
374
374
374
374
374
374
374
374
374
374
374
374
380
380
381
381
382
383
384
387
387
387
388
389
404
405
405
405
420
420
425
433
493
498
498
498
498
601
601
601
601
618
697
828
899
990
995
215
215
215
215
215
215
215
216
311
311
311
378
384
389
390
405
498
601
102
204
214
214
214
214
214
214
214
310
311
359
388
389
498
158
200
200
201
201
258
258
258
333
346
347
355
355
357
358
366
368
368
380
380
394
411
458
601
213
213
213
213
224
301
304
304
304
304
311
311
311
311
311
311
313
380
380
381
381
388
404
420
420
618
204
217
222
322
328
373
373
373
373
282
282
282
282
285
285
285
285
296
385
482
482
499
581
683
683
770
958
959
990
990
990
990
990
990
990
990
990
995
995
995
995
995
995
995
995
995
166
201
201
201
201
201
201
201
365
365
365
366
366
366
366
366
368
368
368
368
368
370
371
373
398
469
571
665
668
770
961
962
963
990
990
990
990
990
990
990
990
990
995
995
995
995
995
995
995
995
995
101
101
101
101
101
101
101
101
101
101
101
101
101
101
101
101
101
101
101
101
101
101
101
101
101
101
101
101
101
101
101
101
158
158
222
222
222
235
235
235
235
254
254
254
254
314
319
327
327
327
327
327
328
330
330
330
330
330
341
341
341
341
346
346
346
346
352
356
357
374
374
374
374
404
446
450
454
458
458
476
497
499
504
526
546
548
558
558
558
572
576
652
675
748
759
770
777
797
830
957
958
959
990
990
990
990
990
990
990
990
990
990
990
990
990
990
990
990
990
990
990
990
990
993
995
995
995
995
995
995
995
995
995
995
995
995
995
995
995
995
995
995
995
995
995
514
530
537
550
552
619
715
990
990
995
995
204
204
204
204
206
206
206
207
207
207
207
210
220
220
220
225
230
230
230
230
230
230
230
230
230
230
230
230
234
235
235
235
235
235
244
250
250
255
257
257
257
257
257
260
260
260
260
260
260
260
260
263
263
263
264
271
277
277
277
292
292
292
292
292
302
326
332
338
348
352
354
354
354
359
361
366
367
369
370
378
380
380
381
389
389
389
396
400
428
428
428
450
458
480
490
495
499
539
550
563
590
699
990
995
100
100
100
101
101
101
104
104
104
108
111
115
115
115
121
123
125
125
125
125
125
125
125
125
125
125
125
125
129
135
135
135
135
135
135
135
138
138
138
145
151
155
161
171
175
185
201
201
201
201
201
201
204
211
215
215
221
225
225
225
225
225
225
225
225
235
235
235
235
245
255
261
271
275
285
301
301
301
304
305
325
325
325
325
335
335
335
403
405
407
411
411
413
417
419
425
429
435
439
441
445
451
455
461
471
475
485
499
699
101
101
101
101
101
101
101
101
101
101
102
102
102
102
102
102
102
102
102
102
102
102
104
105
105
105
105
105
106
106
107
107
107
107
115
127
127
127
127
127
127
142
182
183
201
201
201
206
220
255
361
361
361
389
399
402
406
530
532
690
901
902
990
995
101
101
101
101
101
101
101
101
101
101
101
101
105
105
105
105
105
105
105
105
105
105
105
105
105
108
108
108
108
117
117
120
144
171
171
171
171
171
171
171
171
171
171
171
171
171
171
171
171
171
171
171
171
171
171
171
171
171
171
171
171
171
171
171
171
171
171
171
171
171
171
171
171
172
172
172
172
172
172
172
172
172
172
172
172
172
172
172
172
172
172
172
172
172
172
172
172
172
172
172
172
172
172
172
172
172
172
173
173
173
173
173
173
173
173
173
173
173
173
173
173
173
173
173
173
173
173
173
173
173
173
173
173
173
173
173
173
173
173
173
173
173
173
173
173
173
173
173
192
192
192
192
192
200
201
207
207
207
207
207
207
207
207
207
212
222
222
222
222
222
222
222
225
225
226
226
226
226
226
226
226
226
226
226
226
226
226
226
226
226
272
272
272
272
272
281
281
281
281
281
299
305
305
305
305
305
305
305
305
305
305
305
305
305
305
305
305
305
305
525
117
150
150
150
150
150
150
150
150
150
150
150
150
150
151
151
151
151
151
151
151
151
151
151
151
151
151
151
151
151
151
151
151
151
151
151
151
151
250
250
250
250
250
250
250
250
250
251
251
251
251
251
251
251
251
251
251
251
251
251
251
251
251
251
370
399
401
415
421
435
440
445
450
463
463
463
495
498
499
520
535
550
595
801
890
990
995
105
125
125
125
125
125
125
125
125
125
125
125
125
125
125
125
125
125
125
125
125
125
125
125
125
125
125
125
125
125
125
125
125
125
125
125
125
125
125
125
125
125
125
125
125
125
125
125
125
125
125
125
125
125
125
125
125
125
125
125
126
126
126
130
130
130
130
130
130
130
130
130
130
130
130
130
130
130
130
130
130
130
130
130
130
130
130
130
130
130
130
130
130
130
130
130
130
130
130
130
130
130
130
130
130
130
130
130
130
130
130
130
130
130
130
130
130
130
130
130
130
130
130
130
209
209
209
210
210
210
210
210
210
210
210
210
210
210
210
210
210
210
210
210
210
210
210
210
210
210
210
210
210
210
210
210
210
210
210
210
210
210
210
210
210
210
210
210
210
210
210
210
210
210
210
210
210
210
210
210
210
210
210
211
211
211
211
211
211
211
211
211
211
211
211
211
211
211
211
211
211
211
211
211
211
211
211
211
211
211
211
211
211
211
211
211
211
211
211
211
211
211
211
211
211
211
211
211
211
211
211
211
211
211
211
211
211
211
211
211
211
211
211
211
211
211
211
211
211
211
211
211
211
211
211
211
215
215
215
215
215
215
215
215
215
215
215
215
216
216
216
216
216
216
216
216
216
216
216
216
216
216
216
216
216
216
216
216
216
218
219
220
230
230
230
230
230
230
230
230
230
230
230
230
230
241
242
242
242
245
245
246
246
246
247
260
260
260
260
260
260
260
260
260
260
260
261
261
261
261
261
261
261
261
261
261
261
262
262
262
303
303
303
303
351
351
351
351
351
351
351
351
352
352
352
352
352
352
352
352
352
353
353
353
353
353
353
353
353
353
353
353
370
398
399
402
415
419
440
451
451
451
451
453
453
453
453
453
455
461
461
461
462
462
462
462
474
482
482
482
482
482
482
482
498
499
505
507
511
520
525
540
543
548
550
570
571
574
576
596
597
598
646
647
649
720
800
801
802
803
804
805
895
222
222
222
222
222
350
350
387
433
440
482
496
497
499
599
600
815
831
856
990
993
995
101
101
101
101
101
101
101
101
101
101
101
101
101
120
120
120
120
121
125
250
257
257
257
257
288
288
288
303
350
350
372
372
372
372
372
372
372
372
372
372
372
372
372
392
392
392
392
392
392
392
393
470
480
480
499
599
635
990
995
101
301
401
410
462
499
502
506
507
573
599
600
637
870
990
995
101
201
214
301
399
495
499
501
503
505
599
191
191
191
191
191
191
191
191
191
191
191
191
101
101
101
101
102
103
193
231
231
231
231
231
232
232
301
409
421
426
461
495
499
502
503
505
508
574
599
600
870
990
993
995
101
101
101
101
101
101
101
101
101
101
101
101
101
102
102
102
102
102
102
102
102
102
102
102
102
102
261
261
261
261
271
271
271
271
290
290
290
290
290
305
306
306
306
306
307
307
307
307
317
329
329
329
329
340
340
340
340
370
370
370
370
370
375
375
375
375
375
413
421
425
431
432
435
439
439
451
465
467
490
490
490
491
698
775
783
820
840
993
100
100
100
122
122
122
122
122
122
122
122
140
141
141
141
141
141
141
141
141
141
141
240
300
322
322
322
376
376
376
376
376
376
376
495
496
498
600
601
630
680
698
780
990
995
502
196
270
399
445
466
501
511
535
541
599
100
100
101
101
101
105
122
131
210
236
390
390
399
501
510
512
521
521
521
522
530
530
531
531
531
532
534
534
536
536
536
538
539
560
580
584
584
592
593
593
593
599
620
620
124
124
124
124
124
124
124
124
124
124
124
124
124
124
124
124
124
124
124
124
124
124
124
124
124
124
125
125
125
125
125
125
125
125
125
125
125
125
125
125
125
125
125
125
125
125
125
125
125
125
125
125
125
125
125
125
125
125
125
125
125
125
125
125
125
125
125
125
125
125
125
125
125
125
125
125
125
125
125
125
125
125
125
125
125
125
125
125
125
125
125
125
125
125
125
125
125
125
125
125
125
125
125
125
125
125
125
125
125
125
125
125
125
125
125
125
125
125
125
125
125
126
126
126
126
140
140
140
140
140
140
150
203
215
216
221
223
223
223
223
223
223
223
223
223
223
223
223
223
223
223
225
225
225
225
225
225
225
226
227
229
230
232
235
242
244
258
267
270
274
290
290
290
290
293
293
298
298
298
298
298
299
305
305
305
308
313
313
313
314
314
315
315
316
317
317
317
317
318
318
319
319
320
321
323
323
323
324
325
325
325
325
325
325
325
325
325
325
325
325
325
328
332
335
340
340
344
345
345
346
349
350
350
350
362
363
364
367
367
367
370
372
374
378
382
383
389
390
398
398
398
403
407
407
409
411
415
423
423
424
425
425
425
425
426
427
440
442
443
443
451
460
464
465
471
490
495
498
501
520
527
528
540
540
540
571
571
574
574
577
578
579
590
590
627
630
632
641
648
695
821
831
990
992
993
993
995
100
103
104
104
105
106
107
108
108
109
110
112
113
114
118
118
118
118
118
118
119
119
120
120
120
120
120
120
120
122
131
131
131
131
142
146
147
151
154
201
201
201
201
201
201
201
206
218
218
218
218
219
222
223
223
223
223
240
240
240
255
262
295
299
305
305
305
305
305
313
313
313
313
313
315
315
315
315
320
325
325
325
325
331
331
331
331
331
331
331
333
333
333
333
370
381
401
408
408
409
417
421
422
437
437
454
467
467
468
468
468
478
478
478
480
485
485
489
490
494
496
496
496
496
498
499
529
531
532
536
543
599
599
599
599
599
599
599
599
599
599
599
599
599
709
990
990
995
995
995
995
995
995
995
995
995
995
995
995
995
995
995
995
995
995
995
995
995
995
995
995
995
995
995
300
303
313
313
313
313
313
315
372
372
372
372
372
372
372
372
372
372
380
390
390
390
390
390
390
390
400
401
401
401
401
410
433
433
436
436
436
436
440
441
442
447
447
447
466
485
485
485
489
489
489
497
498
499
525
544
601
700
730
755
790
800
801
990
995
101
101
101
101
101
101
101
101
101
101
101
101
101
101
101
101
101
101
101
101
101
101
101
101
101
101
101
101
101
101
101
101
101
101
101
101
101
101
101
101
101
101
101
101
101
101
101
101
101
101
101
101
101
101
102
102
102
102
102
102
102
102
102
102
102
102
102
102
102
102
102
102
102
102
102
102
102
102
108
208
251
251
251
251
251
251
251
251
258
259
310
327
327
327
330
330
330
330
330
340
380
396
398
398
398
401
401
401
401
401
401
401
401
401
401
401
401
401
401
401
401
401
401
402
402
402
402
402
402
402
402
402
402
402
402
409
409
409
412
414
414
414
427
431
435
435
435
435
435
441
444
444
444
444
444
451
451
451
452
452
452
461
461
461
485
490
490
490
495
495
497
498
499
500
500
500
501
501
501
503
503
503
541
598
599
600
600
601
601
603
603
605
605
611
617
621
631
641
663
665
671
671
675
678
683
695
700
741
741
741
741
741
751
752
899
990
995
499
150
150
150
150
150
150
150
150
190
203
210
210
210
250
250
272
272
272
290
290
290
290
300
301
303
303
304
305
306
307
310
310
311
321
333
333
333
333
346
352
352
352
352
352
352
355
355
355
358
358
366
366
366
366
366
366
368
368
372
372
372
380
380
381
381
391
394
403
404
410
411
421
427
441
455
455
458
461
461
480
485
489
495
499
499
500
620
621
621
990
995
111
160
231
339
351
511
531
901
100
100
101
101
101
101
101
101
101
101
102
102
102
103
103
127
127
127
180
221
221
227
227
230
230
231
231
231
231
231
231
232
232
232
232
232
300
300
303
303
304
306
306
306
309
310
315
325
325
325
325
327
329
333
333
333
333
346
350
351
351
351
357
358
365
375
379
379
379
379
379
379
379
379
379
379
379
386
386
386
386
386
386
386
391
391
391
391
391
391
391
391
391
391
401
416
416
425
425
431
449
449
449
457
470
491
501
525
531
540
601
731
731
901
990
993
995
103
233
325
331
349
351
375
101
101
101
101
101
101
101
101
101
101
101
105
105
105
105
195
195
195
195
196
197
197
197
197
197
200
200
200
200
202
202
202
202
204
204
204
204
206
206
206
207
207
207
207
210
210
210
210
210
210
219
230
230
230
230
230
230
230
230
230
230
230
236
239
239
239
240
240
240
241
241
241
241
241
241
242
242
242
242
242
246
250
252
252
252
252
252
252
252
252
257
257
257
257
260
260
260
260
266
273
292
292
292
292
292
292
292
294
303
305
305
305
305
305
305
305
306
309
310
312
312
312
312
312
318
318
318
318
318
320
320
320
328
328
328
328
328
328
328
328
332
332
332
332
332
345
346
346
346
346
346
346
347
347
347
347
349
349
349
349
353
353
354
354
354
360
362
366
366
366
371
373
373
373
373
374
374
374
374
374
374
374
374
374
374
374
374
374
386
386
386
386
386
386
386
386
386
386
387
387
387
388
389
391
395
399
407
407
407
411
411
411
411
411
416
421
422
433
441
445
450
469
472
474
476
487
491
491
496
496
497
497
497
499
539
557
592
594
594
594
594
594
594
600
615
622
698
698
698
700
748
801
803
807
809
811
830
891
898
900
990
995
194
194
201
211
211
211
211
211
211
211
211
211
211
211
211
211
216
216
216
216
216
222
222
222
222
222
244
250
250
250
250
271
271
271
271
271
271
271
285
285
285
285
292
292
292
292
292
294
294
299
343
346
352
373
376
387
393
393
393
394
395
395
399
402
431
433
440
489
497
497
498
600
615
646
689
689
689
689
689
689
689
689
689
689
689
689
689
689
689
689
689
700
815
990
993
995
301
301
301
301
301
301
409
498
499
230
230
230
230
230
230
230
240
240
240
240
240
240
240
240
240
240
240
250
251
290
291
292
354
390
490
311
400
400
411
511
501
600
799
101
101
101
150
150
201
201
205
218
218
220
250
250
257
257
257
257
258
280
280
280
301
318
318
318
318
318
350
351
360
373
376
386
386
386
386
386
386
386
386
386
386
387
387
387
389
417
417
417
417
431
431
431
468
495
497
500
517
517
531
531
617
617
631
690
890
890
101
101
101
201
201
301
431
431
431
531
531
631
145
145
145
145
145
145
145
145
145
145
145
145
201
201
201
201
201
201
201
101
101
102
102
102
102
102
102
102
102
102
102
102
104
105
105
105
106
106
107
107
107
115
115
118
118
118
118
118
118
118
118
118
118
118
122
122
125
125
170
170
170
170
170
170
170
170
171
171
171
171
171
171
171
171
171
171
171
171
171
171
175
175
206
210
220
220
220
223
223
223
223
223
223
223
223
223
225
225
240
240
240
240
256
264
264
264
264
264
264
270
270
270
270
270
290
290
290
290
290
315
320
320
321
321
322
323
323
325
325
350
370
421
470
471
472
110
110
110
110
110
110
110
110
110
110
110
201
201
201
203
203
203
203
205
205
205
214
214
214
270
270
270
280
280
280
301
301
301
307
307
307
380
380
380
380
390
401
401
401
415
415
500
539
580
591
799
241
241
241
241
241
241
285
285
285
285
292
319
323
378
390
392
411
424
451
591
592
799
349
349
349
349
421
455
461
463
465
471
473
475
601
655
308
461
462
463
493
495
593
595
471
214
350
395
395
395
395
395
403
411
601
799
801
698
798
455
455
455
501
501
501
698
798
201
201
201
251
251
251
251
451
101
101
101
101
101
101
101
101
101
101
101
101
205
205
205
205
205
205
205
205
205
205
205
301
301
301
301
301
301
301
308
310
384
384
385
385
385
385
385
385
385
385
385
399
401
401
401
401
401
401
401
401
401
401
401
470
498
125
125
125
125
125
125
151
200
200
200
200
200
200
200
200
200
200
200
200
200
200
200
209
209
209
209
209
209
209
302
445
497
498
499
102
106
111
111
111
111
111
111
111
111
111
111
111
111
111
115
209
209
209
209
209
209
209
210
313
315
316
317
342
347
347
347
347
347
347
347
347
347
347
367
374
374
374
374
390
390
395
398
398
412
440
441
445
449
492
492
492
493
494
495
496
497
512
512
515
541
541
542
740
750
792
792
792
990
993
995
997
410
412
515
530
690
790
800
890
990
995
105
105
105
105
105
105
105
105
105
105
105
105
105
105
105
105
105
105
105
105
105
105
105
105
105
105
105
105
105
105
105
105
105
105
115
115
115
115
115
115
115
115
115
115
115
115
115
115
115
115
115
115
115
115
115
115
115
115
115
115
115
115
115
115
115
115
115
115
115
115
115
115
115
115
115
115
115
115
115
115
115
115
115
115
115
115
115
115
115
115
115
115
115
115
115
115
115
115
115
115
115
115
115
115
115
115
115
115
115
115
115
115
115
115
115
115
115
115
115
115
115
115
115
115
115
115
115
115
115
115
115
115
115
115
115
115
115
115
115
115
115
115
115
115
115
115
115
115
115
115
115
115
115
115
115
115
115
115
115
115
115
115
115
115
116
116
116
116
116
116
116
116
116
116
116
116
116
116
116
116
116
116
116
116
116
116
116
116
116
116
116
116
116
116
116
116
116
116
116
116
116
116
116
116
116
116
116
116
116
116
116
116
116
117
145
145
156
156
156
156
156
156
156
156
156
175
175
185
201
214
214
214
214
214
214
214
214
214
214
214
215
215
215
215
215
215
215
215
215
215
215
215
215
215
215
215
215
215
215
215
215
215
215
215
215
215
215
215
215
215
215
215
215
215
215
215
215
215
215
215
215
215
215
215
215
216
216
216
216
216
216
216
216
216
216
216
216
216
216
216
216
216
216
216
216
216
216
216
216
216
217
217
217
217
217
217
217
217
217
217
217
217
217
217
217
217
285
285
285
286
289
295
295
312
316
316
316
351
371
385
385
395
395
399
403
404
412
412
412
417
417
419
419
420
423
423
423
423
424
425
425
425
425
425
425
425
425
425
429
431
440
450
451
451
451
454
454
463
463
463
465
465
466
471
471
472
472
472
481
486
490
493
497
498
498
499
501
501
520
520
523
523
525
525
525
526
526
540
555
556
558
561
565
568
571
573
591
593
596
602
614
623
625
627
631
636
650
651
656
663
665
679
682
695
697
700
700
700
731
776
929
990
993
995
210
210
210
210
210
210
250
250
250
250
350
350
350
367
367
367
375
465
490
890
891
101
101
101
101
101
101
101
101
201
201
201
201
201
201
401
401
401
401
499
501
506
606
612
612
101
101
201
201
389
499
101
101
101
101
102
102
201
201
201
201
202
202
301
409
410
499
201
410
420
430
440
450
450
499
505
505
601
200
200
200
200
200
201
201
201
201
201
207
207
207
207
207
207
207
214
222
238
238
238
243
243
243
246
275
275
275
275
275
275
275
276
280
280
285
285
285
285
295
295
308
309
319
323
325
326
331
356
386
389
391
391
411
424
456
483
492
492
498
499
518
522
590
595
698
699
990
995
101
101
201
499
101
201
408
409
499
504
300
306
306
306
306
306
310
310
310
310
310
310
310
310
310
310
310
310
310
310
310
310
310
310
310
360
400
401
401
402
406
409
411
423
423
424
424
427
427
427
427
427
427
427
429
429
429
429
429
434
436
447
451
455
460
461
462
499
515
525
527
527
600
600
600
600
610
610
611
613
615
623
632
700
800
801
990
995
205
295
305
310
405
410
410
420
435
450
490
495
495
495
497
499
101
101
101
101
101
101
101
101
101
101
110
110
110
110
110
110
110
110
110
110
110
110
110
110
110
110
110
110
183
183
183
183
183
183
183
183
183
183
183
183
183
183
183
183
183
183
183
183
183
183
183
183
183
183
183
183
183
183
196
230
230
230
230
230
230
230
230
230
230
230
230
250
250
250
250
250
250
250
250
250
250
262
262
262
263
263
263
288
288
288
303
303
303
323
340
340
340
340
340
340
340
340
340
345
345
355
355
355
355
355
355
355
356
356
356
356
356
361
361
361
366
366
366
399
401
406
414
443
443
443
456
463
482
486
498
499
514
530
596
597
598
599
600
602
640
697
990
993
995
300
300
300
400
106
106
106
106
115
121
121
140
140
140
140
140
141
141
141
141
141
141
141
141
141
141
141
141
141
141
141
141
141
141
141
141
141
141
141
141
141
141
141
141
141
141
141
141
141
150
150
150
150
150
150
150
150
150
150
151
151
151
151
151
151
151
151
151
151
151
151
151
151
151
151
151
151
151
151
151
151
151
151
160
161
161
161
169
210
240
240
240
241
241
241
241
241
241
241
241
241
241
241
241
241
241
241
241
241
241
241
241
241
241
241
241
241
241
250
250
250
250
250
250
250
251
251
251
251
251
251
251
251
251
251
251
251
251
251
251
251
251
260
261
340
340
351
360
360
360
360
370
390
391
391
391
391
391
401
402
405
406
411
413
415
435
438
441
441
441
442
442
442
445
450
453
495
496
497
498
499
501
505
508
510
511
513
514
515
520
526
535
541
619
646
650
715
990
993
993
995
228
228
228
228
357
357
357
357
357
357
357
357
357
357
357
411
411
411
411
411
101
101
101
101
101
101
101
101
101
101
101
101
101
101
101
111
111
111
111
111
111
111
111
111
111
111
111
140
140
140
140
140
140
140
140
140
140
140
140
140
140
140
160
160
160
160
160
160
160
160
160
160
160
160
160
190
299
300
300
300
300
300
306
306
306
306
315
315
315
315
319
319
319
319
319
329
329
329
329
352
352
352
352
353
353
353
353
355
355
355
362
362
362
362
362
364
381
383
384
386
386
386
386
386
386
386
386
386
386
386
389
389
389
389
389
389
389
389
389
389
389
389
389
389
389
395
395
395
395
395
399
407
427
436
455
485
489
489
489
489
489
490
490
490
490
490
491
491
493
495
496
514
598
598
599
599
611
617
661
663
664
680
688
688
688
691
701
781
799
799
891
990
993
995
111
111
111
111
111
111
111
111
111
111
111
111
111
111
111
111
111
111
111
111
111
111
111
111
111
111
111
111
112
112
112
112
112
112
112
112
112
112
112
112
112
114
120
120
120
120
120
120
120
120
122
122
122
122
122
122
122
122
122
122
122
200
211
211
211
211
211
213
213
213
223
223
223
223
223
223
223
223
223
226
230
230
230
230
230
230
230
230
230
230
230
230
230
230
230
230
230
230
230
230
235
235
235
235
235
235
235
240
240
240
240
240
240
240
240
240
240
240
240
240
240
240
240
240
240
240
240
240
240
240
240
240
242
242
242
242
242
242
242
250
250
250
250
250
250
250
250
250
250
250
250
250
270
270
270
270
270
270
270
270
270
270
270
270
270
280
280
280
280
280
280
280
280
280
280
280
280
280
290
290
290
290
290
290
290
290
290
290
302
302
302
302
302
302
302
303
303
303
303
303
303
303
303
303
303
303
304
304
305
305
306
306
306
306
306
308
310
310
311
311
314
316
321
321
321
321
321
321
321
322
324
325
326
326
330
337
338
338
338
338
338
340
341
345
345
345
345
345
345
345
346
347
349
349
349
349
349
349
349
349
349
349
353
355
355
356
356
356
356
356
356
356
358
360
360
360
360
360
360
360
365
370
371
380
380
380
380
395
395
395
395
395
395
395
401
401
401
401
401
401
401
401
401
401
401
402
402
402
402
404
405
420
421
422
423
424
426
428
430
430
440
449
449
449
457
457
457
457
457
477
477
477
477
487
487
506
519
519
519
519
519
519
519
519
519
519
519
519
609
613
619
630
631
644
653
655
672
681
682
706
707
708
709
719
730
733
742
748
759
771
775
776
793
798
808
808
808
808
808
808
819
861
872
875
876
877
958
958
988
988
990
995
303
202
202
202
210
225
230
230
230
230
230
230
230
230
230
230
230
230
234
258
262
262
262
277
277
277
277
277
277
277
280
280
280
346
387
400
402
402
421
461
469
487
497
291
291
100
101
101
101
101
101
101
101
102
102
103
103
103
103
103
103
103
103
103
231
231
231
231
231
231
231
231
231
231
231
231
231
231
232
232
232
232
232
232
232
232
232
235
235
235
235
235
241
241
241
241
241
241
241
272
272
274
274
274
333
350
350
365
379
380
399
444
491
660
899
990
995
101
101
101
101
101
101
101
102
102
231
231
231
231
232
232
240
240
240
240
250
270
340
410
422
470
491
635
735
895
990
995
101
231
280
287
474
635
491
498
528
681
993
298
298
333
410
411
415
415
995
100
101
101
101
101
101
101
101
101
101
101
101
102
102
102
103
103
103
103
103
103
103
103
103
103
103
103
103
103
103
103
230
231
231
231
231
231
231
231
231
231
231
231
231
231
231
231
231
231
231
231
231
231
231
231
231
231
231
231
231
231
231
231
231
231
231
231
231
232
232
232
232
232
232
232
232
232
232
232
232
232
232
232
232
232
232
232
232
232
232
232
232
232
232
232
232
232
232
232
232
232
232
232
232
232
232
232
277
277
277
277
277
277
277
277
277
277
277
277
277
277
277
277
277
277
277
277
277
277
278
280
280
280
280
280
283
283
283
287
289
291
291
295
295
295
295
296
298
298
313
315
328
328
332
333
342
350
373
375
385
410
411
415
415
420
420
421
423
426
426
426
430
432
435
438
438
445
447
447
466
470
472
473
485
488
488
488
491
492
635
855
865
881
895
990
995
100
100
100
100
100
100
100
100
100
100
120
120
120
200
200
201
201
220
220
229
240
301
305
305
350
400
400
420
993
993
131
231
350
439
531
533
655
141
241
480
543
121
214
221
321
421
450
491
561
563
565
567
621
101
101
103
103
125
201
201
231
301
347
347
347
352
358
401
401
430
491
511
511
513
513
515
517
517
519
523
523
524
552
558
651
651
990
995
150
150
151
151
260
290
290
312
312
312
312
312
312
312
315
395
395
395
395
395
450
470
471
510
549
661
871
876
151
251
351
421
450
551
553
555
100
100
100
100
100
100
100
100
100
100
100
100
100
100
100
100
100
100
100
100
100
100
102
102
102
102
102
102
102
102
102
102
102
105
105
105
105
122
122
122
122
122
122
122
122
122
122
122
208
208
208
208
208
208
210
210
210
210
210
210
210
210
210
210
210
210
210
210
210
210
210
216
218
218
218
225
225
225
225
225
225
225
225
225
225
225
240
240
240
240
240
240
255
295
295
295
300
302
302
302
302
302
302
302
303
303
303
303
304
304
304
304
305
305
305
305
310
310
310
310
310
310
310
310
313
320
320
321
321
324
325
326
326
326
326
330
345
345
345
345
368
368
368
368
368
368
368
368
368
368
379
379
379
379
379
379
379
379
379
379
379
392
392
392
392
392
397
404
424
428
430
440
447
460
474
475
475
475
475
495
495
495
495
495
498
500
505
507
510
510
510
530
533
542
580
595
622
634
653
682
695
696
899
988
993
101
101
101
101
101
101
101
101
306
306
306
306
403
406
413
413
413
413
415
415
415
415
485
500
500
501
504
506
507
600
600
604
608
125
206
206
206
206
206
206
206
206
250
250
250
250
250
250
250
250
250
250
250
250
250
250
250
250
250
250
250
250
250
250
250
250
250
250
250
250
250
250
250
250
250
250
250
250
250
250
250
250
250
250
250
250
250
250
250
250
250
250
250
250
250
250
250
250
250
299
306
306
306
306
401
401
401
403
403
403
404
406
412
412
412
413
413
413
413
415
415
415
415
425
425
425
425
425
425
425
425
425
425
425
425
426
449
485
489
499
499
500
500
501
504
505
505
506
507
510
510
525
525
525
526
526
600
600
604
608
610
612
621
625
700
750
808
810
990
993
995
998
236
238
257
271
272
292
295
301
303
304
305
306
308
308
308
309
310
315
320
325
330
332
336
339
340
343
346
347
349
351
352
353
354
355
356
358
360
362
363
364
365
369
370
372
373
374
381
382
383
400
401
404
405
407
430
432
433
437
438
439
439
439
439
439
440
446
450
451
456
458
460
461
462
463
466
468
480
481
483
486
487
489
490
494
496
601
150
151
211
211
211
211
211
211
211
211
211
211
211
211
211
212
215
215
215
215
215
216
220
220
220
220
220
220
220
220
220
220
220
220
220
220
220
220
240
240
240
240
240
240
240
240
240
240
240
240
240
240
240
240
240
240
240
240
240
265
303
304
307
307
307
307
307
313
313
314
314
315
322
323
330
331
341
342
343
343
344
345
348
348
348
348
350
352
354
365
366
366
371
376
380
384
385
404
410
414
417
425
431
431
432
432
432
433
434
441
446
447
454
461
461
462
486
490
491
501
530
531
580
590
655
690
890
891
892
990
995
303
403
499
510
570
571
613
613
852
499
599
8100
8100
8100
8100
8101
8102
8102
8102
8102
8102
8102
8102
8102
8200
8200
8200
8200
8201
8201
8201
8202
8202
8202
8202
8203
8203
8203
8203
8204
8204
8205
8205
8205
8205
8270
8300
8300
8300
8300
8300
8300
8300
8300
8301
8301
8301
8440
8440
8440
8440
8700
8700
8700
8700
463
463
463
500
501
504
523
527
527
527
527
540
568
575
575
590
593
593
602
602
603
603
622
625
668
890
990
995
212
212
298
398
415
415
415
415
415
416
416
451
451
451
451
499
505
515
515
515
515
515
516
516
552
552
591
600
601
603
650
655
655
660
660
660
660
690
711
712
713
990
995
503
550
600
750
800
599
800
990
995
503
530
560
581
581
598
599
800
801
990
995
599
630
850
990
995
499
544
599
8170
8201
8202
8202
8202
8202
8202
8202
8202
8202
8270
8440
8440
8440
8440
8440
8440
8440
8440
8441
8441
8441
8450
8450
500
541
544
575
575
630
632
640
641
642
649
650
659
800
800
821
990
990
990
990
990
990
990
990
990
990
990
990
990
990
990
990
990
990
990
990
990
990
990
990
990
990
990
990
990
990
990
990
990
995
995
995
995
995
995
995
995
995
995
995
995
995
995
995
995
995
995
995
995
995
995
995
995
995
995
995
995
995
995
995
995
995
700
710
720
730
740
750
300
400
409
460
499
599
603
604
605
606
607
608
611
6300
8150
8150
8170
8201
8201
8201
8201
8202
8202
8202
8202
8203
8203
8203
8203
8204
8204
8204
8205
8205
8205
8205
8205
8205
8205
8205
8205
8205
8206
8206
8206
8206
8207
8207
8207
8208
8208
8208
8208
8209
8209
8209
8209
8210
8210
8210
8210
8211
8211
8211
8211
8212
8212
8212
8212
8213
8213
8213
8213
8214
8215
8215
8215
8215
8217
8217
8217
8217
8218
8218
8218
8219
8219
8219
8219
8220
8220
8220
8220
8221
8221
8221
8221
8224
8224
8224
8224
8225
8225
8225
8226
8250
8250
8270
8440
8440
8440
8440
8440
8440
8440
8440
8440
8440
8440
8440
8441
8441
8441
8441
8442
8442
8442
8442
8444
8444
8444
8444
8450
8601
8601
8601
8602
8602
8602
8603
8603
8603
8604
8604
8604
8605
8605
8605
8605
8606
8606
8606
8606
8607
8607
8607
8608
8608
8608
8608
8701
8701
8701
8701
8702
8702
8702
8703
8703
8703
8703
8704
8704
8704
8704
8705
8705
8705
8705
8706
8706
8706
8706
8707
8707
8707
600
621
621
621
650
650
660
660
665
668
700
721
791
995
995
995
995
995
650
655
660
665
670
675
680
695
599
8270
8270
8270
8270
8370
8370
8400
8440
8440
8440
8440
8500
8500
8500
8500
8501
8501
8501
8501
8502
8502
8502
8502
8503
8503
8503
8503
8700
8700
8700
8700
499
6200
6200
6200
6200
8200
8200
8200
8201
8201
8201
8201
8202
8202
8202
8202
8203
8203
8203
8203
8204
8204
8270
8440
8440
8440
8440
8441
8441
8441
8441
8600
8600
8600
8600
8601
8601
8601
8601
599
815
990
995
515
515
6900
6900
7100
7110
7150
7300
8200
8200
8200
8200
8201
8203
8203
8203
8203
8301
8301
8301
8301
8301
8301
8301
8301
8302
8302
8303
8303
8303
8303
8303
8303
8303
8303
8304
8304
8304
8304
8304
8304
8304
8304
8305
8305
8305
8305
8305
8305
8305
8305
8307
8400
8400
8400
8400
8400
8400
8400
8400
8400
8400
8400
8400
8404
8404
8404
8404
8405
8406
8406
8406
8406
8414
8414
8414
8414
8440
8440
8450
8470
8470
8470
8470
8600
8997
8997
8997
8998
8998
8998
8999
8999
8999
8999
8999
8999
8999
8999
8999
8999
8999
8999
8150
8200
8200
8201
8201
8202
8203
8203
8204
8204
8204
8205
8205
8206
8206
8207
8207
8209
8209
8209
8210
8210
8210
8270
8440
8440
8440
8440
299
399
405
409
460
532
599
632
640
812
990
995
455
470
471
499
599
781
782
6400
6400
6400
6400
8100
8100
8100
8100
8100
8100
8102
8102
8102
8102
8102
8102
8102
8102
8103
8103
8103
8103
8103
8103
8103
8103
8104
8104
8104
8104
8104
8104
8104
8104
8200
8200
8200
8200
8201
8201
8440
8440
8440
8440
8441
8441
8441
8441
503
570
571
601
601
611
612
613
623
700
701
704
800
801
990
995
499
8100
8100
8100
8200
8200
8200
8200
8201
8201
8201
8201
8270
8440
8440
8440
8440
8440
8440
8440
8440
8440
8440
8440
8440
8600
8600
8600
8600
8700
8700
8700
8700
499
599
6500
6500
6500
6500
8100
8100
8100
8100
8101
8150
8201
8201
8201
8202
8202
8202
8270
8270
8350
8402
8402
8402
8403
8403
8403
8404
8440
8440
8440
8440
8440
8440
8440
8440
8601
8601
8601
8601
8602
8602
8602
8602
499
599
725
733
800
801
802
803
807
855
8100
8100
8100
8100
8100
8101
8101
8102
8102
8200
8201
8201
8201
8201
8202
8300
8300
8300
8300
8300
8300
8300
8300
8440
8440
8440
8440
8200
8200
8200
8200
8200
8200
8200
8201
8201
8201
8250
8250
8270
8270
8270
8440
8440
8440
8440
8470
8600
8600
8600
8600
8601
8601
499
599
8100
8100
8100
8200
8200
8201
8201
8201
8201
8270
8300
8300
8300
8300
8300
8300
8300
8300
8440
8440
8440
8440
8440
8440
8440
8440
8440
8440
8440
8440
8600
8600
499
582
585
599
699
850
855
858
862
920
990
995
8200
8200
8200
8200
8201
8201
8201
8201
499
599
6600
6600
8100
8100
8200
8200
8200
8200
8201
8201
8201
8201
8202
8202
8202
8203
8203
8203
8203
8204
8204
8204
8204
8204
8204
8204
8204
8204
8204
8204
8204
8205
8205
8205
8205
8205
8205
8205
8205
8205
8206
8206
8206
8206
8207
8207
8207
8207
8208
8208
8208
8208
8209
8209
8209
8210
8210
8210
8210
8211
8211
8212
8212
8212
8212
8213
8213
8213
8213
8214
8214
8214
8214
8270
8270
8440
8440
8440
8440
8440
8440
8440
8440
8440
8440
8440
8440
8600
8600
8600
8600
8601
8601
8601
8601
8602
8602
8602
8602
8603
8603
8603
8603
8604
8604
8604
8604
8700
8700
8700
8700
8701
8701
8701
8701
310
330
430
502
591
600
601
603
604
605
605
614
620
621
622
625
640
646
990
995
8440
8440
8440
8440
510
539
580
590
599
8100
8101
8170
8200
8200
8200
8200
8201
8201
8201
8201
8270
8440
8440
8440
8440
8440
8440
8440
8440
8440
8440
8440
8440
201
201
201
201
201
201
201
201
306
404
404
404
404
404
405
406
502
505
506
519
576
577
591
599
602
603
605
606
615
616
699
700
702
822
990
995
401
403
470
471
499
599
6700
6700
6700
6700
8200
8200
8201
8202
8202
8202
8202
8203
8203
8203
8204
8204
8204
8204
8205
8205
8205
8206
8206
8206
8206
8207
8207
8208
8208
8208
8208
8209
8209
8250
8270
8440
8440
8440
8440
499
8150
8200
8200
8200
8200
8201
8250
8440
8440
8440
8440
8440
8440
8440
8440
8440
8440
8440
8440
499
599
6800
8100
8100
8101
8150
8170
8170
8200
8200
8200
8200
8201
8201
8201
8201
8202
8202
8202
8202
8250
8250
8250
8270
8300
8300
8300
8300
8300
8300
8300
8300
8440
8440
8440
8440
8470
8600
8600
8600
8600
8601
8601
8601
8601
8602
8602
8602
8602
8603
8603
8603
8603
8604
8604
8604
8605
8605
8605
8605
8606
8606
8606
8606
8607
8607
8607
8607
8609
8609
8609
8609
8701
8701
8701
8701
8702
8702
8702
8702
8703
8703
8703
8703
8704
8704
8704
8704
499
8100
8100
8150
8150
8150
8150
8150
8170
8170
8170
8170
8170
8170
8170
8170
8180
8180
8180
8180
8180
8180
8180
8180
8270
8270
8270
8270
8280
8280
8280
8280
8350
8350
8350
8350
8350
8350
8350
8350
8370
8370
8370
8370
8370
8370
8370
8370
8380
8380
8380
8380
8380
8380
8380
8380
8440
8440
8440
8440
8440
8440
8440
8440
8440
8440
8440
8440
8450
8450
8450
8450
8470
8470
8470
8470
8480
8480
8480
8480
8600
8600
8600
8600
8601
8601
8601
8601
100
100
100
100
100
100
100
100
100
100
100
100
100
101
103
111
113
121
121
121
121
121
127
127
127
127
127
127
127
127
127
131
201
203
211
213
221
221
221
221
221
227
227
227
227
227
227
227
227
227
231
241
242
262
291
301
303
311
313
321
321
321
321
321
327
327
327
327
327
327
327
327
327
332
372
391
391
391
391
401
403
411
413
421
421
421
421
421
427
427
427
427
427
427
427
427
427
445
448
481
481
491
496
496
496
497
497
497
497
497
497
497
497
497
497
497
497
497
498
498
498
498
498
501
511
511
511
511
513
513
513
513
513
519
519
519
519
519
521
521
521
521
521
521
529
529
529
529
529
529
529
529
529
529
529
529
529
534
537
538
539
539
539
539
539
539
539
539
543
546
547
548
549
570
579
579
579
579
579
591
591
591
591
591
591
591
591
591
611
611
611
611
613
613
613
613
613
618
619
619
619
621
621
621
621
621
629
629
629
631
631
631
631
634
638
639
639
639
639
647
648
649
649
695
695
695
695
695
695
695
385
406
406
421
422
426
432
450
475
491
491
491
491
493
493
495
506
506
521
522
526
532
550
575
591
591
591
591
593
593
595
450
450
450
450
450
450
550
550
550
550
550
410
470
510
570
111
221
340
415
415
415
415
415
416
421
424
425
425
426
450
515
515
515
515
515
521
526
539
550
601
850
900
900
900
900
900
900
900
990
990
990
990
990
990
990
995
995
995
995
995
995
995
995
315
315
315
315
315
316
316
415
415
415
415
417
442
501
502
503
504
505
507
507
510
595
601
602
602
603
801
801
801
801
900
900
900
990
990
990
995
995
995
450
550
450
550
181
325
325
325
326
335
335
335
335
335
335
344
344
345
345
346
346
347
347
348
348
349
350
351
351
351
352
353
353
354
354
356
356
360
400
407
451
460
460
461
461
461
461
461
461
461
461
462
462
462
462
462
462
462
462
462
463
463
463
463
463
463
463
463
463
463
465
465
465
465
466
466
466
466
466
466
466
466
466
466
467
469
470
475
480
480
480
480
480
480
480
481
525
525
525
526
535
535
535
535
535
535
539
540
545
545
547
547
549
550
553
553
554
554
556
556
566
566
566
566
566
566
566
566
566
566
569
580
580
580
580
580
580
580
581
639
640
100
139
140
217
218
219
220
221
222
239
240
339
340
423
424
425
426
439
440
500
527
528
539
540
600
639
640
100
139
140
217
218
219
220
221
222
239
240
339
340
423
424
425
426
439
440
500
527
528
539
540
600
639
640
500
527
539
111
111
112
112
100
139
140
150
217
219
220
221
222
239
240
339
340
423
424
425
426
439
440
450
450
500
527
528
539
540
550
550
113
113
150
150
150
150
150
150
150
150
150
150
150
150
220
301
301
301
401
401
402
450
450
450
450
454
454
454
460
462
465
465
465
465
465
465
465
465
465
465
465
465
465
466
468
469
471
474
501
501
501
501
501
501
501
501
501
501
502
502
502
502
502
502
502
502
502
550
550
550
550
550
554
554
554
554
576
111
121
201
205
207
341
341
372
372
442
470
475
475
490
490
490
490
490
490
490
495
496
500
501
502
504
504
504
504
507
507
507
509
509
509
509
509
509
516
516
516
516
516
516
516
595
807
881
881
881
881
881
881
900
900
900
990
990
990
990
995
995
995
995
995
995
995
121
121
121
121
121
121
121
121
121
121
139
139
139
139
139
139
139
139
139
139
139
239
239
239
239
239
239
239
345
345
345
345
405
407
407
408
413
423
458
465
481
481
481
481
481
481
481
501
503
505
505
506
507
507
507
509
513
523
547
563
565
581
581
581
581
581
581
581
581
591
591
591
592
605
642
643
647
881
881
881
881
881
900
900
900
900
900
990
990
990
990
990
995
995
995
995
995
995
291
291
291
291
300
391
391
401
401
401
401
401
401
401
401
401
401
401
401
401
401
401
401
401
401
401
401
440
440
440
440
440
440
440
440
440
440
440
440
440
440
440
440
440
440
440
440
440
440
440
440
440
440
440
440
440
440
440
440
440
440
440
440
440
440
440
440
440
440
440
440
440
440
440
440
491
491
491
540
540
540
540
540
540
540
540
540
540
540
540
540
540
540
540
540
540
540
540
540
540
540
540
540
540
540
540
540
540
540
540
540
540
540
540
540
540
540
540
540
540
540
540
540
540
540
540
540
541
541
541
541
541
541
541
541
541
541
541
541
541
541
541
541
541
541
541
541
541
541
541
541
541
541
541
541
541
550
550
550
550
550
550
550
550
591
591
591
591
591
591
591
591
591
591
591
591
591
591
591
591
591
591
591
591
591
591
591
591
591
591
591
591
591
591
591
591
591
591
591
591
591
591
591
591
591
591
591
591
591
591
591
591
591
592
640
640
640
640
640
640
640
640
640
640
640
640
640
640
640
640
640
640
640
640
640
640
640
640
640
640
640
640
640
640
640
640
640
640
640
640
781
781
781
781
881
882
891
891
891
891
891
891
891
891
891
891
891
891
891
891
891
891
891
891
891
891
891
891
891
891
891
891
891
891
891
891
891
891
891
891
891
891
891
891
891
891
891
891
891
891
891
891
891
891
891
891
900
900
900
900
900
900
900
900
900
900
900
900
900
900
900
900
900
900
900
990
990
990
990
990
990
990
990
990
990
990
990
990
990
990
990
990
990
990
990
990
990
990
990
990
990
990
990
990
990
990
990
990
990
990
995
995
995
995
995
995
995
995
995
995
995
995
995
995
995
995
995
995
995
995
995
995
995
995
995
995
995
995
995
995
995
995
995
995
995
995
995
123
123
133
150
150
151
207
207
207
207
207
207
235
235
253
280
280
280
280
280
323
335
337
337
351
353
407
407
407
407
407
407
407
407
407
407
423
435
441
443
450
450
453
458
480
480
480
480
100
111
139
140
221
222
239
240
339
340
423
425
439
440
500
527
528
539
540
600
639
640
340
340
450
455
455
540
550
555
555
100
139
140
150
217
218
219
220
221
222
239
240
339
340
400
423
424
425
426
439
440
500
527
528
539
540
600
639
640
481
581
782
100
100
100
100
100
101
200
200
200
201
201
202
204
220
280
300
300
300
300
300
300
305
331
331
331
331
331
380
400
407
407
407
407
407
407
407
407
407
412
413
413
421
424
431
443
451
462
481
481
481
481
481
481
481
481
490
490
490
490
490
490
490
498
500
500
500
501
501
502
507
507
507
507
507
507
507
507
507
507
512
513
521
524
531
543
551
555
555
562
581
581
581
581
581
581
581
581
581
590
590
590
590
590
590
590
590
100
100
100
139
139
139
140
140
140
217
217
217
218
218
218
219
219
219
220
220
220
221
221
221
222
222
222
239
239
239
240
240
240
339
339
339
340
340
340
400
400
400
423
423
423
424
424
424
425
425
425
426
426
426
439
439
439
440
440
440
446
500
500
500
519
527
527
527
528
528
528
539
539
539
540
540
540
600
600
600
639
639
639
640
640
640
100
100
100
110
110
110
110
110
110
110
110
110
110
110
110
110
110
111
111
111
111
111
111
111
111
111
112
112
113
114
139
139
139
140
140
140
205
205
219
219
221
221
221
221
239
239
239
239
240
240
240
240
339
339
339
339
340
340
340
340
423
423
423
423
423
423
424
424
424
425
425
425
425
425
426
426
426
426
439
439
439
439
440
440
440
440
460
527
527
527
527
528
528
528
528
539
539
539
539
539
540
540
540
540
540
401
401
465
465
487
501
501
565
565
581
583
585
588
483
583
135
135
135
137
137
137
137
137
137
137
139
139
139
139
139
139
139
139
149
149
149
149
149
149
211
211
239
239
239
239
239
239
239
240
249
249
249
250
334
407
407
407
407
407
407
407
407
407
407
407
408
433
435
440
442
442
454
460
460
460
531
533
535
542
542
560
560
560
570
570
570
570
570
570
570
570
570
590
805
807
807
807
807
807
807
807
807
900
900
900
900
900
900
990
990
990
990
990
990
990
990
995
995
995
995
995
995
995
995
995
995
100
139
140
150
217
218
219
220
221
222
239
240
339
340
423
424
425
426
439
440
527
539
540
639
640
100
139
140
217
218
219
220
221
222
239
240
339
340
423
424
425
426
439
440
500
527
528
539
540
600
639
640
100
139
140
217
218
219
220
221
222
239
240
339
340
423
424
425
426
439
440
500
527
528
539
540
600
639
640
100
100
139
139
140
140
217
217
218
218
219
219
220
220
221
221
222
222
239
239
240
240
339
339
340
340
423
423
424
424
425
425
426
426
439
439
440
440
450
450
450
450
527
527
528
528
539
539
540
540
550
550
550
550
600
600
639
639
640
640
100
100
100
111
112
139
139
139
140
140
140
217
217
217
218
218
218
219
219
219
220
220
220
221
221
221
222
222
222
239
239
239
240
240
240
339
339
339
340
340
340
423
423
423
424
424
424
425
425
425
426
426
426
439
439
439
440
440
440
450
450
450
450
450
450
450
450
450
460
527
527
527
528
528
528
539
539
539
540
540
540
550
550
550
550
550
550
550
550
550
550
600
600
600
639
639
639
640
640
640
100
100
100
100
100
100
100
100
111
111
112
112
112
112
112
112
112
112
139
139
139
139
139
139
139
139
140
140
140
140
140
140
140
140
217
217
217
217
217
217
217
217
218
218
218
218
218
218
218
218
219
219
219
219
219
219
219
219
220
220
220
220
220
220
220
220
221
221
221
221
221
221
221
221
222
222
222
222
222
222
222
222
239
239
239
239
239
239
239
239
240
240
240
240
240
240
240
240
339
339
339
339
339
339
339
339
340
340
340
340
340
340
340
340
423
423
423
423
423
423
423
423
424
424
424
424
424
424
424
424
425
425
425
425
425
425
425
425
426
426
426
426
426
426
426
426
440
440
440
440
440
440
440
440
527
527
527
527
527
527
527
527
528
528
528
528
528
528
528
528
539
539
539
539
539
539
539
539
539
539
540
540
540
540
540
540
540
540
639
639
639
639
639
639
639
639
640
640
640
640
640
640
640
640
200
201
203
339
339
339
339
340
340
340
340
368
368
368
439
439
439
439
440
440
440
440
460
469
491
505
507
519
539
539
539
539
540
540
540
540
560
567
568
568
568
568
568
568
569
592
639
639
639
639
640
640
640
640
891
891
891
891
220
412
412
512
520
101
101
101
102
172
181
192
222
227
240
241
241
245
250
250
250
250
250
250
250
251
252
252
252
252
252
252
252
252
252
252
252
252
252
260
260
261
261
261
261
261
261
261
261
261
261
261
261
262
262
262
262
262
262
262
262
262
262
262
262
263
270
272
281
283
283
292
301
320
321
321
323
334
341
345
351
351
351
351
351
351
351
351
351
351
351
351
352
352
352
352
352
352
352
352
352
352
352
352
353
371
374
374
383
383
383
385
386
387
387
388
388
399
399
399
399
399
399
399
399
399
399
400
400
400
400
400
401
401
401
401
401
401
401
401
401
401
401
401
401
401
401
401
401
401
401
401
401
403
404
417
417
417
417
417
417
426
427
440
442
443
445
451
451
451
451
451
451
451
451
451
451
451
457
460
461
461
461
461
461
461
461
461
461
461
462
468
481
481
487
487
488
488
495
495
495
505
505
505
505
505
505
505
505
505
505
505
505
505
506
516
521
521
523
571
600
601
225
404
540
541
610
612
650
650
700
741
741
741
741
741
802
851
851
888
142
196
218
220
220
220
220
220
220
220
220
220
220
220
220
220
220
220
220
232
233
233
233
233
233
233
233
233
233
233
233
233
233
233
233
233
233
233
233
233
233
233
233
233
233
234
234
234
234
234
234
234
234
234
234
234
234
234
234
234
234
234
234
234
234
234
234
234
234
234
236
245
370
371
372
373
390
420
480
481
482
490
494
495
495
495
495
495
495
495
495
495
495
495
495
495
495
495
495
495
495
495
495
495
495
496
499
499
499
499
499
499
499
499
499
499
499
499
499
499
499
499
499
499
499
499
499
499
499
499
499
499
499
499
499
499
499
499
499
499
499
499
499
499
499
499
499
499
499
499
499
502
503
503
503
503
503
503
503
503
503
503
503
503
503
503
503
504
509
511
521
552
577
577
577
577
577
577
577
589
589
637
637
666
666
666
666
671
671
676
676
676
681
693
693
693
697
697
697
697
697
697
697
697
697
697
697
697
697
697
697
697
697
697
697
697
697
697
697
697
697
697
697
697
697
697
697
697
697
697
697
697
697
697
697
697
697
697
697
697
697
697
697
697
697
697
697
697
697
697
697
697
697
697
697
697
697
697
697
782
797
797
797
797
797
797
797
797
797
797
797
797
797
797
797
797
797
797
797
797
797
797
797
797
797
797
797
803
806
811
815
856
880
890
890
891
950
955
955
955
955
955
955
955
955
955
955
955
955
955
955
955
960
960
960
960
990
990
990
995
995
995
995
995
995
995
995
995
995
995
995
995
995
995
995
995
995
995
995
995
995
995
995
995
995
995
995
995
995
995
995
995
995
995
995
995
995
995
995
995
995
995
995
995
995
995
995
995
995
995
995
995
995
995
995
995
995
995
995
995
995
301
302
303
304
305
306
307
308
309
310
311
312
326
327
328
329
330
331
332
333
334
335
336
337
351
353
355
357
359
360
361
362
363
364
365
366
376
377
378
379
380
381
382
383
384
385
386
387
401
401
402
402
403
403
404
404
406
406
407
407
408
408
409
409
410
410
426
427
428
429
430
431
432
433
434
435
436
437
438
439
440
441
442
451
452
453
455
458
460
461
462
463
464
465
466
467
468
469
470
471
101
101
201
201
201
310
310
310
410
410
101
101
101
201
201
201
201
301
301
301
401
401
401
499
101
101
101
201
201
203
203
203
302
302
801
803
824
834
850
851
990
995
750
447
447
470
500
500
500
500
532
570
573
573
600
600
621
660
700
700
740
840
990
990
990
990
990
990
990
995
995
995
995
995
995
995
995
995
995
995
995
995
995
200
202
302
470
501
503
504
504
504
506
506
507
511
570
602
602
603
603
603
604
613
613
613
613
620
637
702
702
703
703
704
706
713
713
713
713
713
713
713
713
723
723
730
739
739
747
757
790
791
792
799
300
400
402
407
470
508
508
568
570
608
608
701
703
704
838
990
995
449
501
501
517
521
521
521
521
521
521
521
521
521
521
521
523
523
523
523
523
578
581
593
594
595
600
601
607
607
607
610
615
619
625
650
653
675
680
682
698
800
801
803
810
820
830
830
880
990
995
510
510
570
574
578
592
593
601
602
604
652
658
672
672
687
689
690
698
699
757
796
796
801
869
899
990
995
299
399
504
506
511
512
515
530
530
530
565
592
600
600
600
600
601
601
602
603
604
605
624
633
640
640
640
640
640
643
643
643
644
644
663
674
677
681
811
813
814
815
889
890
890
891
970
990
995
542
565
600
600
601
604
606
606
607
607
607
608
608
610
610
611
615
620
625
630
648
648
654
654
660
668
680
680
686
690
691
802
803
804
805
806
815
833
835
990
995
530
550
578
592
593
600
620
620
622
625
626
629
634
640
644
645
662
668
675
679
690
710
715
800
900
990
995
547
555
578
592
593
594
600
610
621
624
625
630
636
639
642
644
677
688
697
698
699
796
803
869
899
990
995
200
200
200
200
200
200
200
200
200
200
200
200
200
200
200
200
200
200
200
250
250
250
250
250
300
300
300
306
311
320
360
370
370
370
370
381
384
401
414
450
465
478
479
481
481
507
508
511
512
512
512
512
512
512
626
680
741
741
741
741
741
796
803
201
201
201
201
201
290
320
320
320
320
320
320
330
330
330
330
422
428
447
457
466
474
474
475
475
475
475
475
476
477
479
479
490
491
495
495
495
495
495
510
510
510
515
519
521
521
521
521
521
521
521
521
521
521
521
521
522
522
529
529
529
529
541
554
555
555
557
563
571
577
578
580
580
580
586
587
587
587
600
626
628
647
683
700
710
710
710
710
710
712
750
750
750
750
750
750
750
750
750
750
750
750
750
750
750
750
750
750
750
778
810
830
990
995
550
599
599
599
601
601
667
800
990
995
601
611
570
571
580
300
300
300
300
300
300
300
300
300
300
300
300
300
300
312
312
312
312
315
315
317
335
399
471
471
471
471
471
471
502
502
502
502
502
533
533
533
533
533
552
552
552
555
560
560
560
561
564
564
564
564
564
601
618
618
630
695
711
711
711
711
725
750
899
900
990
995
100
100
100
100
100
100
100
100
101
101
102
102
102
102
200
200
200
200
200
200
200
200
200
200
200
200
200
200
200
200
225
310
319
319
319
319
325
399
445
445
445
445
445
445
445
445
456
476
480
518
525
536
612
620
620
620
656
670
670
750
831
329
329
350
350
350
350
350
350
350
350
350
350
350
350
350
350
350
350
350
350
350
350
350
350
350
350
350
350
350
350
350
350
350
350
350
350
350
350
350
350
350
350
350
350
350
350
350
350
350
350
369
369
399
430
430
522
522
522
522
524
524
524
524
530
561
561
561
561
561
750
300
300
300
300
300
399
401
401
502
502
502
502
502
527
533
533
533
555
557
557
582
608
608
608
750
886
887
888
900
990
995
300
300
300
300
300
300
300
300
305
399
410
410
509
509
509
509
510
510
510
512
512
533
533
533
533
688
688
688
688
688
688
750
414
417
422
438
443
444
446
462
470
471
472
473
476
487
488
664
601
601
601
601
601
601
601
601
601
601
601
602
602
603
603
604
604
621
621
634
634
634
634
634
634
640
640
640
640
640
640
640
640
640
640
651
651
651
651
652
652
653
653
653
653
654
654
212
212
212
250
329
329
395
395
399
516
516
516
605
605
615
615
615
620
623
623
623
624
624
624
629
629
629
750
300
300
302
302
302
302
302
302
302
317
317
317
329
329
335
342
399
408
408
412
412
414
414
503
503
503
503
503
551
563
563
580
608
608
608
608
612
614
614
614
615
615
615
615
615
621
621
621
621
623
623
623
624
624
624
629
629
629
645
725
750
855
865
871
872
900
990
995
300
300
300
302
302
302
302
302
302
302
302
310
310
312
312
313
313
313
313
399
403
403
403
403
407
408
408
409
409
411
411
411
411
418
418
450
450
503
503
503
503
503
533
533
533
601
601
603
603
603
603
608
608
608
608
608
618
618
618
618
625
625
640
711
750
896
897
900
990
995
300
300
300
300
300
300
300
300
302
302
302
302
320
320
321
321
399
414
414
501
503
503
503
503
503
512
512
512
512
512
512
512
557
557
567
567
600
600
600
603
611
611
617
617
617
617
617
617
617
617
617
620
620
620
620
637
637
750
840
899
899
899
900
990
995
302
302
390
390
390
390
390
390
390
390
399
400
400
411
411
445
445
445
445
445
445
445
445
502
502
502
502
502
503
503
503
503
503
503
503
503
503
503
503
525
557
557
562
564
565
598
630
672
672
672
672
672
672
675
680
680
680
680
750
897
898
900
990
995
300
300
300
300
301
301
301
301
301
301
301
301
302
302
313
313
313
313
313
313
313
313
399
404
404
411
411
411
411
414
414
415
415
420
450
450
482
482
502
502
502
502
502
512
512
512
512
513
513
513
515
515
515
518
533
533
533
548
557
557
563
567
567
567
582
601
605
605
605
616
616
616
618
618
618
618
618
618
618
620
624
628
630
640
640
640
649
701
703
750
899
990
995
505
506
507
508
526
526
526
526
603
605
605
611
612
612
612
613
617
618
623
200
300
305
305
305
305
400
401
401
415
503
505
505
505
505
505
505
505
505
505
505
505
505
505
505
505
505
505
505
505
505
505
505
505
506
506
506
506
506
506
506
506
506
506
506
506
506
506
506
506
506
507
507
507
507
507
507
507
507
507
507
507
508
508
508
508
508
508
508
508
508
508
508
508
508
508
508
508
508
509
509
509
509
509
509
509
509
509
509
509
509
515
515
515
515
515
515
515
515
515
515
515
515
517
518
519
520
523
524
525
526
527
528
532
533
534
540
541
546
547
553
554
555
556
566
567
572
576
577
581
582
583
584
586
587
590
590
590
590
590
590
590
590
590
590
590
590
590
590
590
590
590
590
590
590
590
590
590
590
590
590
598
599
600
600
600
600
600
600
601
601
601
601
601
601
602
603
604
604
604
604
605
605
605
605
606
606
612
612
617
617
618
620
621
621
622
623
624
626
628
630
631
632
639
640
645
650
650
652
653
653
659
660
663
665
670
672
673
678
678
678
680
682
689
689
689
690
691
691
691
691
691
691
691
691
691
691
691
691
699
699
699
699
699
699
699
699
699
699
700
701
706
709
710
710
710
712
713
716
718
718
724
727
741
741
741
741
741
746
761
787
792
801
802
803
825
861
862
863
868
900
971
972
973
974
975
976
977
978
990
995
320
321
322
330
334
335
339
347
349
352
354
100
100
100
100
100
100
100
100
100
100
100
105
105
115
115
115
115
115
115
115
115
115
115
115
120
120
120
120
120
120
120
120
120
120
120
125
125
129
129
130
130
150
150
150
150
150
150
150
150
150
150
150
160
170
172
172
173
173
174
175
176
176
176
176
176
177
178
181
190
190
191
191
192
192
193
193
197
197
202
202
203
203
204
205
205
206
207
210
210
210
210
211
211
211
215
215
217
220
235
235
241
241
243
243
252
255
260
265
269
269
270
270
270
275
275
275
300
300
301
309
310
310
311
314
314
328
330
333
336
342
345
345
345
347
348
350
351
352
352
353
356
358
358
363
374
376
391
399
399
399
399
401
402
403
405
416
416
416
416
416
416
416
420
422
422
447
451
498
498
498
498
498
500
501
503
516
516
600
602
605
610
610
610
610
610
610
610
610
650
651
651
660
660
662
662
662
662
662
662
662
662
665
700
705
710
710
710
710
710
710
710
720
749
750
751
760
761
761
761
761
780
150
160